id,total_wins,total_losses,total_matches
7522,27,36,63
2973,146,160,306
6428,26,23,49
3683,223,211,434
6560,78,73,151
2954,162,167,329
7711,35,37,72
6531,14,21,35
8339,29,20,49
4302,77,107,184
6836,12,2,14
2829,97,99,196
7702,7,9,16
1852,141,167,308
1303,228,199,427
2657,134,117,251
218,619,580,1199
7297,0,0,0
8755,18,14,32
8530,5,2,7
823,120,125,245
2128,153,144,297
3728,464,452,916
1508,136,137,273
8831,0,0,0
3392,149,106,255
5067,164,158,322
8147,89,86,175
2849,8,20,28
7944,0,0,0
1764,174,165,339
6470,39,46,85
8268,69,58,127
7260,0,7,7
850,233,278,511
7715,0,0,0
5912,43,62,105
4532,4,10,14
8502,19,18,37
4810,4,3,7
6864,16,19,35
7509,68,72,140
5694,13,15,28
7868,0,1,1
4426,165,173,338
1646,223,239,462
4817,142,172,314
5169,80,96,176
969,493,472,965
1095,146,148,294
1256,135,155,290
7641,7,9,16
6356,17,18,35
5065,144,141,285
2712,70,91,161
783,151,157,308
8128,100,103,203
299,337,347,684
389,312,322,634
3207,223,184,407
706,243,233,476
3043,75,63,138
4536,109,113,222
2984,97,89,186
4643,0,0,0
8805,6,8,14
6165,465,448,913
6278,56,71,127
3504,35,42,77
1510,242,218,460
4706,130,154,284
2380,54,58,112
8832,12,4,16
835,59,67,126
36,601,597,1198
4241,0,0,0
4812,9,12,21
6824,24,4,28
8321,62,69,131
5509,34,58,92
5875,58,51,109
6561,70,98,168
4493,0,1,1
5821,175,182,357
5437,217,203,420
6717,13,15,28
3842,511,518,1029
3836,754,703,1457
1412,342,330,672
6874,11,10,21
8837,7,1,8
4844,19,17,36
8785,8,6,14
6910,0,1,1
3513,130,206,336
5855,230,215,445
5189,340,337,677
2206,285,253,538
3193,382,373,755
6716,12,17,29
3341,173,166,339
930,224,196,420
1438,23,33,56
3146,10,4,14
8328,67,59,126
6496,131,136,267
4630,7,15,22
3344,229,174,403
3828,275,243,518
2994,177,175,352
5698,75,114,189
3561,136,151,287
3773,49,49,98
5035,16,2,18
6167,18,24,42
4849,200,192,392
5830,11,13,24
3578,122,130,252
6677,44,61,105
7897,4,3,7
3185,16,26,42
2212,13,37,50
275,164,153,317
7195,0,0,0
3793,99,94,193
6664,30,40,70
6484,10,18,28
6752,4,3,7
7098,0,0,0
614,28,35,63
4583,37,19,56
4380,225,205,430
5160,45,60,105
5230,391,356,747
8035,9,12,21
4539,3,4,7
3636,323,321,644
1748,109,108,217
7781,30,64,94
1192,181,165,346
7313,0,0,0
4903,69,79,148
27,406,343,749
7090,2,2,4
6104,1,10,11
4738,3,4,7
3270,228,241,469
3153,313,317,630
7013,7,7,14
7593,36,52,88
6480,141,132,273
3474,9,15,24
2923,37,26,63
7308,0,1,1
5398,16,26,42
7397,87,75,162
1713,1,14,15
753,152,212,364
5283,54,51,105
2121,234,226,460
3923,239,223,462
733,361,360,721
2287,40,44,84
8451,58,68,126
2004,164,157,321
8457,32,38,70
4055,377,358,735
7142,3,4,7
2076,0,21,21
8342,87,108,195
5458,230,218,448
5687,1,6,7
1693,7,7,14
1195,499,538,1037
8253,110,109,219
6189,5,3,8
6205,13,15,28
3495,23,26,49
7630,111,113,224
840,196,165,361
2659,200,206,406
6586,110,137,247
5178,83,67,150
5137,81,65,146
5579,182,167,349
1394,104,151,255
2164,92,81,173
6712,16,22,38
3406,62,71,133
4950,22,20,42
327,388,371,759
5977,5,2,7
595,515,734,1249
6930,0,0,0
1274,123,129,252
1253,107,163,270
6090,27,38,65
6014,5,9,14
3312,10,11,21
4771,5,9,14
1504,607,590,1197
7566,63,77,140
4416,105,161,266
4088,205,189,394
5492,29,34,63
6911,46,50,96
1496,192,219,411
4843,1,5,6
3005,125,126,251
8180,41,57,98
6344,135,131,266
7789,69,71,140
7230,0,0,0
7315,0,0,0
737,28,28,56
4160,39,38,77
3655,461,484,945
4001,190,195,385
3628,108,109,217
6391,6,10,16
8825,8,8,16
4455,14,15,29
1202,211,170,381
5962,62,80,142
7292,0,0,0
1305,256,230,486
7825,27,34,61
8032,72,89,161
8741,24,25,49
542,588,667,1255
1149,179,191,370
8296,78,89,167
8637,33,46,79
3450,144,212,356
8826,3,5,8
1243,90,71,161
41,241,193,434
7906,0,0,0
5868,240,217,457
3029,110,131,241
8690,32,51,83
4276,71,109,180
4273,39,60,99
1453,161,164,325
695,98,133,231
5225,119,109,228
2434,62,78,140
8779,8,16,24
5263,8,13,21
936,263,235,498
833,167,155,322
4346,137,143,280
1712,1,6,7
2367,33,44,77
1557,25,24,49
3945,72,79,151
6641,113,104,217
4434,10,32,42
2468,465,516,981
4060,461,449,910
2724,52,53,105
3963,153,187,340
8802,13,16,29
6151,1,3,4
5201,251,198,449
4672,33,38,71
8806,5,4,9
5322,39,29,68
7761,79,89,168
3192,85,73,158
340,204,198,402
2904,181,163,344
8625,17,15,32
2527,105,91,196
207,380,362,742
5701,7,7,14
5490,78,97,175
4073,3,4,7
5015,11,36,47
4309,26,51,77
3444,169,191,360
2539,140,147,287
8064,91,84,175
3987,319,354,673
1860,104,106,210
8601,0,0,0
6279,53,66,119
8350,59,78,137
7136,18,3,21
4288,91,84,175
4622,10,4,14
175,198,180,378
6119,24,53,77
6046,32,38,70
787,262,240,502
4008,168,130,298
4953,25,24,49
4479,30,26,56
3309,63,42,105
3125,72,89,161
224,113,102,215
1089,202,207,409
6564,33,65,98
491,500,542,1042
2195,186,192,378
7325,0,0,0
1568,259,243,502
7259,8,4,12
3919,517,478,995
6918,0,0,0
1511,833,173,1006
6343,129,131,260
177,134,118,252
5184,113,99,212
3461,1,1,2
8531,0,0,0
7967,0,0,0
1617,9,11,20
2819,91,112,203
1361,106,136,242
6559,54,58,112
2618,20,35,55
7445,5,9,14
5245,222,224,446
6954,0,0,0
8616,38,25,63
1360,178,193,371
2869,87,109,196
6713,19,32,51
355,112,85,197
4255,0,0,0
4760,4,10,14
4403,86,110,196
546,39,74,113
1969,30,47,77
4611,121,131,252
4634,265,263,528
8014,94,95,189
5470,92,139,231
3273,687,746,1433
7302,3,4,7
3000,79,68,147
1652,6,2,8
8175,41,65,106
7948,0,1,1
2743,120,132,252
5109,4,3,7
3242,40,29,69
6602,83,85,168
6572,86,96,182
7765,76,84,160
4186,130,101,231
7162,3,4,7
1219,125,190,315
8773,22,35,57
4791,2,26,28
905,236,217,453
4444,128,138,266
7102,7,7,14
7930,4,4,8
4187,0,1,1
1686,179,171,350
6727,31,25,56
7094,0,0,0
7276,0,0,0
5921,298,282,580
10,470,407,877
4223,261,234,495
4118,221,212,433
7901,0,0,0
11,266,206,472
4704,30,12,42
352,107,110,217
4725,0,0,0
7041,10,11,21
506,72,60,132
6889,22,27,49
5861,182,171,353
3087,90,130,220
6790,60,59,119
3204,703,641,1344
483,547,573,1120
2494,60,66,126
2601,113,97,210
379,171,171,342
8633,34,30,64
8251,88,73,161
4052,361,350,711
5115,73,52,125
8772,10,6,16
6068,3,4,7
4570,85,75,160
26,458,353,811
7665,34,36,70
3729,277,223,500
5227,134,112,246
857,99,111,210
1387,368,431,799
4775,4,3,7
2571,362,346,708
6204,7,19,26
5666,15,20,35
6928,0,0,0
2509,101,112,213
7389,140,140,280
2272,141,153,294
8673,61,75,136
4744,16,24,40
2857,95,101,196
4147,113,125,238
7426,83,123,206
1201,207,185,392
403,92,125,217
7366,64,73,137
3615,212,243,455
7755,106,95,201
5915,3,4,7
4097,0,14,14
2980,112,116,228
6464,35,28,63
3822,300,250,550
8753,23,41,64
6257,24,32,56
3960,110,100,210
8015,89,100,189
6,44,26,70
6710,21,0,21
5599,205,199,404
2184,9,12,21
5464,61,101,162
6301,14,21,35
1513,427,387,814
7880,10,11,21
4914,10,18,28
844,99,97,196
2393,179,163,342
7892,3,4,7
4489,103,86,189
1250,83,127,210
2944,81,70,151
5394,256,262,518
2620,9,12,21
4467,89,90,179
6626,36,41,77
3965,139,169,308
8726,21,14,35
7023,3,4,7
1580,159,185,344
373,35,8,43
6195,4,8,12
938,314,293,607
3049,87,95,182
7943,9,12,21
7071,0,0,0
2650,125,113,238
4183,36,27,63
1761,140,138,278
6804,39,64,103
3613,332,317,649
5428,203,217,420
2675,230,190,420
6092,15,20,35
5998,28,28,56
1490,81,80,161
1258,213,215,428
8617,27,13,40
6305,50,73,123
292,77,63,140
3876,187,178,365
2598,134,139,273
7465,13,19,32
3279,43,39,82
5992,34,26,60
5266,37,54,91
211,115,115,230
2729,115,137,252
2433,95,132,227
3362,223,219,442
6693,34,57,91
3800,253,286,539
2656,174,169,343
1325,475,495,970
8784,0,0,0
4640,0,0,0
3108,180,189,369
1859,89,93,182
182,108,89,197
7694,91,85,176
2638,109,109,218
6430,83,90,173
5560,64,55,119
1783,161,188,349
2255,574,580,1154
2177,198,194,392
7587,54,58,112
8132,41,35,76
8626,76,84,160
6013,6,8,14
8141,42,27,69
6048,14,14,28
5696,17,18,35
7392,0,0,0
331,146,155,301
4248,196,167,363
4267,55,51,106
708,25,24,49
4265,172,157,329
7752,19,21,40
4653,4,8,12
7473,71,76,147
6427,30,27,57
6728,87,88,175
6006,41,36,77
7866,0,0,0
329,341,373,714
2029,22,34,56
6312,159,149,308
8225,138,116,254
7055,0,0,0
200,100,68,168
3941,21,35,56
5551,124,128,252
5431,12,23,35
976,359,327,686
1704,493,488,981
3761,55,60,115
4985,295,271,566
5554,175,181,356
6580,74,73,147
6097,30,34,64
7668,85,76,161
8108,0,0,0
8173,39,45,84
5351,8,6,14
249,81,73,154
6432,74,85,159
978,198,175,373
4886,41,29,70
4110,135,132,267
8456,51,56,107
1867,89,95,184
3356,28,27,55
3326,263,281,544
1079,132,155,287
3775,139,135,274
8475,24,39,63
4150,77,91,168
3629,241,224,465
2805,59,89,148
3703,201,182,383
4579,55,57,112
7134,3,4,7
5851,229,230,459
1375,123,146,269
6207,30,33,63
2155,147,140,287
4788,203,228,431
952,265,229,494
3275,207,238,445
6293,81,80,161
5426,55,55,110
1091,47,52,99
145,105,79,184
709,68,64,132
6765,82,93,175
3984,279,272,551
1101,90,89,179
3039,96,84,180
6989,0,0,0
4384,10,19,29
1830,100,111,211
344,128,131,259
4554,0,0,0
8748,0,0,0
5641,256,239,495
6403,71,81,152
891,227,230,457
621,39,17,56
4680,16,19,35
836,109,111,220
7037,0,0,0
1624,39,45,84
8305,70,75,145
4942,140,143,283
1716,8,6,14
3584,308,330,638
6523,4,3,7
1463,305,270,575
8010,173,163,336
5589,196,181,377
1916,161,162,323
7717,25,23,48
7452,43,53,96
7525,39,57,96
3386,115,115,230
5183,262,284,546
6647,36,55,91
195,67,38,105
398,124,142,266
4400,5,9,14
5135,124,128,252
6744,9,12,21
7535,16,30,46
294,360,335,695
5892,171,166,337
5415,184,211,395
961,261,224,485
1645,144,142,286
749,46,73,119
7968,0,0,0
887,270,233,503
3825,402,303,705
6332,43,55,98
7706,24,40,64
4195,79,72,151
3158,480,430,910
723,40,66,106
8287,85,82,167
1004,576,607,1183
8196,41,71,112
7438,11,21,32
3727,647,601,1248
4807,9,6,15
7770,62,50,112
3494,127,143,270
5965,27,29,56
5707,19,24,43
4128,26,19,45
381,75,72,147
8071,67,73,140
3790,168,155,323
6964,0,0,0
5634,245,224,469
6004,34,80,114
6778,2,5,7
7858,8,19,27
1872,149,159,308
1762,173,177,350
1022,788,827,1615
5294,94,71,165
3637,165,157,322
8365,58,95,153
6390,145,94,239
4693,44,62,106
8106,0,0,0
5582,192,203,395
2725,26,24,50
5317,7,8,15
3389,109,98,207
8571,6,8,14
7109,2,5,7
3750,353,370,723
8363,57,69,126
2941,18,31,49
6030,6,8,14
1480,247,260,507
1829,93,92,185
2566,204,194,398
2125,36,34,70
4974,53,39,92
3674,230,212,442
6504,6,3,9
7215,5,2,7
2082,279,255,534
4349,200,144,344
2067,104,99,203
8331,34,29,63
2950,229,192,421
963,483,428,911
5654,77,112,189
5906,197,187,384
3745,356,336,692
1029,699,650,1349
1410,144,149,293
1100,93,96,189
7827,99,109,208
3046,111,99,210
173,304,262,566
7662,127,125,252
4710,35,43,78
7718,128,124,252
803,691,663,1354
8405,12,23,35
4978,47,37,84
5565,106,104,210
3290,535,524,1059
4835,129,125,254
7226,4,5,9
5142,288,272,560
5767,120,123,243
5675,143,142,285
3176,296,275,571
3954,85,83,168
8168,41,34,75
7289,0,0,0
1560,807,766,1573
8703,14,38,52
1891,7,7,14
4854,4,7,11
5337,185,202,387
6502,100,94,194
5789,115,140,255
4842,3,0,3
3127,360,347,707
7712,147,140,287
2465,263,245,508
1868,134,132,266
3506,119,168,287
3066,127,125,252
4271,103,162,265
12,318,199,517
4593,24,18,42
6232,5,9,14
3865,236,208,444
7915,8,6,14
1924,39,45,84
6993,0,0,0
5561,126,126,252
5981,8,13,21
1937,49,42,91
8164,26,16,42
489,54,44,98
7611,28,24,52
57,326,260,586
632,387,380,767
3096,164,295,459
4794,15,13,28
2892,165,164,329
1321,480,490,970
505,75,91,166
254,249,250,499
6975,0,0,0
3933,131,135,266
492,70,78,148
6582,69,71,140
2740,70,70,140
7658,110,121,231
1141,202,195,397
6768,68,66,134
2361,14,21,35
3538,209,204,413
8439,0,0,0
941,163,152,315
5622,257,238,495
248,220,208,428
7636,52,57,109
996,350,326,676
4449,19,16,35
1312,106,119,225
2833,100,89,189
7933,0,0,0
2230,97,99,196
7511,87,102,189
3503,275,314,589
6692,14,15,29
4995,262,243,505
6920,0,0,0
5748,108,130,238
7774,133,143,276
4578,40,34,74
7183,5,3,8
5552,257,265,522
5278,47,62,109
6061,0,1,1
6879,2,5,7
4137,67,87,154
485,183,209,392
6745,3,4,7
2802,67,66,133
5768,101,105,206
5902,141,116,257
6062,10,47,57
3095,332,375,707
3807,230,245,475
4982,241,208,449
394,42,30,72
8002,0,0,0
155,203,196,399
4167,7,7,14
325,173,184,357
1400,239,283,522
7284,0,0,0
593,121,167,288
4923,34,36,70
8756,7,9,16
2330,124,149,273
5878,46,52,98
6577,97,116,213
3630,327,332,659
7088,4,3,7
5600,196,196,392
4937,25,38,63
1255,299,265,564
7766,9,7,16
4054,382,353,735
2951,166,167,333
8780,6,26,32
5445,206,165,371
8398,35,42,77
3335,139,141,280
4878,160,132,292
3159,5,31,36
6274,0,0,0
5375,30,54,84
4442,101,109,210
3511,150,183,333
801,147,161,308
6932,0,0,0
8733,2,5,7
4601,15,13,28
716,87,88,175
6011,64,53,117
2528,117,123,240
1036,951,350,1301
6466,76,99,175
3013,143,164,307
5129,78,125,203
6593,42,35,77
2202,97,97,194
1640,111,134,245
8278,61,59,120
7197,0,0,0
8269,57,47,104
4113,269,281,550
6081,5,13,18
7873,3,6,9
6956,0,0,0
5842,144,159,303
4786,6,1,7
6035,21,30,51
8235,106,106,212
6786,43,48,91
3361,256,239,495
4440,121,124,245
810,212,241,453
6637,101,89,190
6656,65,60,125
5611,228,234,462
6323,126,128,254
6260,20,29,49
5798,28,49,77
1832,178,185,363
5045,6,10,16
6112,1,8,9
1555,38,68,106
17,490,456,946
395,219,212,431
2039,116,115,231
2548,249,234,483
3352,649,649,1298
842,277,263,540
1311,3,5,8
6556,20,22,42
4108,26,23,49
1328,55,50,105
1351,54,74,128
2356,148,139,287
6764,54,51,105
5564,174,169,343
3829,574,593,1167
5232,4,3,7
5459,0,2,2
627,437,408,845
5316,29,30,59
2865,58,61,119
4650,62,78,140
7457,38,58,96
2124,9,12,21
4294,7,7,14
7653,70,84,154
7068,4,3,7
40,265,231,496
1799,14,14,28
7920,3,4,7
6883,17,25,42
8795,16,13,29
8551,29,20,49
3783,273,275,548
6676,107,93,200
1409,125,130,255
4018,221,224,445
1220,7,16,23
3691,379,319,698
4395,379,327,706
8386,51,61,112
5116,59,43,102
2484,86,82,168
478,102,112,214
2762,100,96,196
3296,136,75,211
6971,0,0,0
1521,224,244,468
1405,198,154,352
4238,195,211,406
3924,287,245,532
3930,99,105,204
7121,1,13,14
1760,301,299,600
5440,123,141,264
4061,469,453,922
1903,196,224,420
7309,0,0,0
1895,38,53,91
216,131,106,237
6490,104,106,210
5134,120,125,245
2459,152,146,298
8200,29,48,77
387,207,228,435
8442,0,0,0
6943,0,0,0
5883,45,42,87
5761,160,178,338
6399,59,53,112
1395,19,38,57
7625,58,68,126
1721,73,95,168
6519,13,15,28
6434,60,59,119
7818,123,102,225
1033,656,323,979
3422,347,414,761
3730,430,388,818
6809,66,60,126
7841,0,0,0
6880,12,16,28
1231,328,311,639
3126,240,270,510
1653,51,69,120
6939,0,0,0
8051,46,45,91
4796,8,13,21
4305,102,101,203
278,143,131,274
7336,0,0,0
4520,12,16,28
281,94,74,168
3535,181,205,386
4144,11,10,21
7223,6,9,15
7807,7,9,16
6942,0,0,0
4059,201,173,374
686,405,455,860
4766,6,8,14
3319,110,179,289
184,449,443,892
2790,55,59,114
2623,17,25,42
5457,236,213,449
5649,573,323,896
5384,96,93,189
8077,75,72,147
3704,334,323,657
2927,26,31,57
3376,7,7,14
3441,0,0,0
3821,176,181,357
6763,71,93,164
2398,147,140,287
3778,142,152,294
7576,46,47,93
4944,11,17,28
6835,5,6,11
4758,30,26,56
6731,0,0,0
1738,128,145,273
1348,193,204,397
1556,13,19,32
5327,188,190,378
3010,58,46,104
7786,38,39,77
2681,375,401,776
1506,635,479,1114
2749,128,138,266
5290,95,93,188
3269,273,258,531
3741,426,410,836
4714,11,17,28
3151,124,115,239
639,9,26,35
6078,32,32,64
4996,400,382,782
5381,65,68,133
6351,14,49,63
245,96,86,182
4286,55,62,117
4523,18,31,49
2205,268,240,508
8431,51,61,112
3466,32,67,99
879,152,155,307
2435,67,73,140
6981,0,0,0
6054,28,41,69
2959,18,17,35
402,80,86,166
1058,228,451,679
3523,259,273,532
8687,24,50,74
3003,96,100,196
6002,36,34,70
7719,99,89,188
7687,32,40,72
6840,19,23,42
1353,41,64,105
2827,77,84,161
179,219,207,426
2103,226,216,442
8763,0,0,0
8454,37,40,77
5812,204,209,413
7579,86,79,165
8024,59,67,126
5487,30,26,56
5038,18,17,35
6599,104,106,210
7916,10,7,17
3682,373,373,746
1647,112,98,210
7538,63,84,147
5257,7,14,21
1406,143,193,336
816,325,298,623
4820,107,131,238
5870,340,316,656
8653,27,37,64
1810,172,177,349
8422,7,21,28
6055,28,40,68
5845,168,173,341
5898,176,176,352
8246,70,69,139
7966,0,0,0
6101,15,6,21
1798,66,93,159
5647,266,252,518
8188,14,35,49
685,230,192,422
8100,15,48,63
4783,3,5,8
924,230,241,471
6748,6,8,14
4881,76,85,161
5451,12,10,22
1242,67,52,119
349,660,683,1343
4311,117,107,224
5392,8,6,14
7275,0,0,0
3253,418,386,804
4513,37,33,70
274,57,38,95
4975,281,297,578
5949,24,40,64
1874,124,128,252
1998,111,106,217
6959,0,0,0
3165,212,213,425
699,107,115,222
6085,8,13,21
7407,120,118,238
7928,1,13,14
3409,43,48,91
1598,158,156,314
8644,50,60,110
3054,70,67,137
6917,0,0,0
6811,43,41,84
1277,103,114,217
8721,21,15,36
6820,21,56,77
6321,47,72,119
3405,215,255,470
2798,45,58,103
7479,110,121,231
1433,18,17,35
8161,37,37,74
1069,10,11,21
5192,130,116,246
8436,5,9,14
3853,777,559,1336
3507,93,147,240
4827,264,252,516
1579,316,326,642
660,333,328,661
7354,17,31,48
1746,162,181,343
4396,5,18,23
6828,54,74,128
5514,122,116,238
2882,101,109,210
7097,0,0,0
6415,5,24,29
5308,730,498,1228
7758,31,25,56
4533,9,5,14
7650,35,45,80
7588,35,45,80
5528,134,143,277
6909,8,6,14
5233,280,308,588
229,136,137,273
6146,6,8,14
1094,100,103,203
4343,88,129,217
5807,137,149,286
4334,0,0,0
1550,752,802,1554
6080,4,31,35
6655,42,49,91
4422,9,20,29
7871,2,3,5
8038,33,44,77
481,119,136,255
5570,221,220,441
3849,560,317,877
799,132,130,262
7710,63,41,104
1218,597,538,1135
3611,234,213,447
1770,393,355,748
3008,28,15,43
7475,1,7,8
7977,5,2,7
8140,24,16,40
5212,92,104,196
4065,573,566,1139
4012,366,361,727
2818,45,46,91
4447,160,145,305
215,113,89,202
8343,55,74,129
1249,342,401,743
7210,0,0,0
123,165,105,270
3935,168,189,357
8094,7,7,14
6148,10,11,21
6798,26,44,70
8455,12,3,15
5340,114,106,220
8243,100,97,197
3531,151,157,308
3118,230,193,423
5436,184,180,364
1665,236,253,489
8524,0,0,0
3681,240,209,449
616,130,129,259
2742,91,105,196
8226,114,123,237
4495,15,13,28
1118,150,137,287
7171,0,0,0
2563,249,220,469
817,185,214,399
3647,322,329,651
5453,238,252,490
7836,0,0,0
1059,22,31,53
6171,7,7,14
8683,18,36,54
1071,3,3,6
6441,53,75,128
2943,18,10,28
889,412,407,819
1759,202,211,413
7058,2,4,6
7301,3,4,7
4636,233,225,458
2497,43,49,92
7995,0,0,0
5597,122,99,221
2625,35,42,77
2181,274,263,537
6082,10,18,28
2878,73,74,147
4941,35,57,92
5553,63,49,112
8634,75,77,152
3955,132,134,266
7904,0,0,0
8049,3,4,7
2291,75,73,148
8210,8,21,29
3294,133,126,259
4099,4,3,7
1081,23,22,45
3701,376,345,721
4592,12,17,29
4876,215,223,438
3712,410,378,788
4209,71,77,148
5002,80,95,175
2336,78,76,154
2543,122,123,245
5128,19,23,42
3061,2,5,7
6980,0,0,0
3157,176,138,314
3857,732,735,1467
2848,19,16,35
5174,172,180,352
1774,571,569,1140
493,133,171,304
702,244,251,495
7114,0,0,0
1976,29,40,69
8432,15,20,35
4735,6,16,22
5879,54,58,112
8148,48,35,83
839,213,249,462
2593,44,31,75
2718,72,83,155
2855,34,29,63
4534,0,0,0
5248,211,185,396
7414,121,110,231
1869,140,175,315
7956,19,9,28
8794,0,0,0
77,61,43,104
6795,3,11,14
7740,156,149,305
6775,8,6,14
7248,3,4,7
7188,3,25,28
827,84,91,175
7979,5,2,7
7185,13,22,35
6162,7,11,18
5382,148,153,301
7500,21,27,48
7886,12,16,28
5849,127,126,253
1097,138,148,286
7410,7,9,16
7198,0,0,0
5831,56,56,112
8155,74,87,161
8790,0,0,0
7245,0,0,0
1194,309,317,626
1317,28,39,67
199,67,37,104
2531,165,150,315
1474,319,323,642
1368,83,90,173
2894,137,143,280
1883,135,131,266
8822,5,3,8
4296,40,51,91
2498,92,97,189
554,159,196,355
5503,137,142,279
3103,58,68,126
193,245,238,483
5027,401,360,761
536,153,240,393
1776,36,51,87
4802,6,6,12
6893,23,18,41
7113,1,6,7
8029,39,31,70
2323,65,89,154
7360,15,25,40
2213,11,24,35
4355,31,41,72
5567,202,239,441
7258,2,6,8
7860,0,0,0
2642,105,99,204
1501,211,228,439
7339,0,0,0
989,587,569,1156
1562,79,95,174
7007,0,0,0
1385,142,179,321
4972,120,118,238
8552,30,19,49
5671,55,54,109
4130,0,0,0
2924,26,37,63
634,154,161,315
7536,9,7,16
5648,518,542,1060
5304,107,95,202
6376,23,26,49
1717,7,7,14
2406,187,170,357
7318,3,4,7
644,683,788,1471
5713,342,320,662
5712,78,55,133
2568,202,174,376
8555,14,7,21
67,425,422,847
2770,98,92,190
5,71,11,82
4717,12,17,29
1407,148,31,179
730,89,86,175
1946,207,193,400
6735,7,5,12
262,83,65,148
3609,198,201,399
2253,524,464,988
8135,97,92,189
1397,198,260,458
979,750,745,1495
7973,5,2,7
2299,4,11,15
1147,516,497,1013
502,298,356,654
8509,20,29,49
808,125,128,253
4408,6,1,7
310,27,16,43
5719,16,12,28
1240,39,80,119
1139,205,215,420
6239,186,227,413
6801,18,17,35
2220,39,45,84
136,229,194,423
4984,235,248,483
6782,27,36,63
3239,181,212,393
6437,39,50,89
5530,125,127,252
1111,26,37,63
1995,105,110,215
3210,61,93,154
3716,346,287,633
4432,3,4,7
296,159,154,313
6053,13,8,21
4405,17,46,63
3725,339,306,645
7027,0,0,0
8395,42,59,101
6960,0,0,0
7187,4,3,7
8600,0,0,0
815,200,149,349
5072,288,293,581
319,494,483,977
4366,305,266,571
4148,136,124,260
2674,355,393,748
412,46,50,96
7225,7,28,35
2764,124,106,230
4676,108,115,223
6924,0,0,0
1478,248,227,475
3111,153,155,308
5920,21,36,57
8156,128,148,276
5846,146,131,277
4695,12,16,28
5820,129,127,256
6758,40,51,91
6460,1,9,10
8018,106,117,223
4838,3,5,8
1620,29,29,58
6353,56,77,133
4058,370,363,733
2716,74,79,153
1676,25,45,70
4092,4,3,7
4589,6,8,14
5562,144,143,287
3882,361,340,701
4205,3,4,7
4154,6,37,43
2079,723,428,1151
1552,184,172,356
2658,159,149,308
1441,53,52,105
7433,16,32,48
1535,172,185,357
2024,46,101,147
3978,309,314,623
2832,95,83,178
6302,52,55,107
5970,60,59,119
4965,111,120,231
4044,246,221,467
7669,49,63,112
6410,0,4,4
1945,92,86,178
5806,141,130,271
5580,134,133,267
1031,744,790,1534
5468,32,38,70
1011,431,420,851
2977,176,191,367
2963,181,111,292
1507,158,168,326
2156,170,166,336
6143,5,9,14
6576,56,56,112
1280,221,196,417
3595,110,120,230
5441,6,8,14
4216,158,171,329
1278,122,115,237
7249,5,16,21
2916,28,21,49
3719,374,354,728
4571,38,32,70
8731,1,6,7
3739,611,581,1192
5331,14,21,35
896,255,291,546
4526,75,82,157
6833,0,1,1
5779,18,24,42
5076,137,104,241
6233,64,62,126
6721,14,14,28
7287,3,4,7
8835,0,8,8
6108,3,11,14
6856,15,15,30
7999,0,0,0
1634,528,410,938
1661,29,34,63
4703,37,33,70
4290,90,74,164
3163,197,222,419
7456,8,8,16
7008,0,0,0
4441,67,77,144
3328,397,403,800
3927,70,114,184
6271,22,34,56
5424,57,104,161
4465,42,45,87
2804,46,45,91
7322,0,0,0
5815,108,96,204
2395,111,95,206
2379,61,72,133
3410,70,57,127
2073,207,206,413
3569,310,301,611
8009,105,105,210
5422,2,5,7
6962,0,0,0
5667,49,73,122
6038,20,35,55
6877,5,10,15
1956,371,352,723
6850,2,12,14
8319,87,90,177
2310,116,111,227
5843,68,80,148
4264,181,168,349
8070,83,83,166
845,134,136,270
2182,0,1,1
4136,25,30,55
5443,42,31,73
1372,174,201,375
2338,47,30,77
541,52,88,140
5047,16,12,28
4091,0,1,1
7324,0,0,0
6133,32,39,71
8311,90,96,186
95,110,61,171
3650,198,214,412
5824,125,127,252
6298,17,18,35
7138,4,3,7
7656,67,66,133
4333,154,132,286
338,235,190,425
7720,65,89,154
130,236,215,451
5141,194,184,378
4095,0,0,0
468,75,65,140
1032,673,234,907
5665,20,36,56
7115,0,0,0
8304,43,36,79
4652,48,50,98
6005,34,84,118
4969,81,80,161
4363,225,182,407
1853,36,48,84
161,138,114,252
7278,0,0,0
6190,9,17,26
4146,26,30,56
3742,449,427,876
5236,187,247,434
475,142,142,284
201,42,28,70
2739,72,61,133
7491,128,145,273
6876,25,17,42
8373,104,142,246
6739,44,53,97
1863,129,144,273
2058,282,266,548
5999,46,70,116
6331,10,11,21
2233,132,124,256
13,408,313,721
4476,119,105,224
3083,249,233,482
1571,7,7,14
3147,133,175,308
7900,0,1,1
6020,0,4,4
4840,39,38,77
8214,7,7,14
8213,7,7,14
3068,86,89,175
8469,15,20,35
5152,5,2,7
7617,77,83,160
7837,0,0,0
6333,85,123,208
2722,100,117,217
7688,82,93,175
3997,168,177,345
5793,75,83,158
5008,177,188,365
1729,37,40,77
6686,7,7,14
7191,1,6,7
5050,21,35,56
4679,15,26,41
2057,132,141,273
5826,65,70,135
243,138,141,279
4089,294,255,549
7106,1,1,2
1389,165,203,368
1487,303,277,580
8450,0,0,0
8506,8,13,21
6276,0,7,7
5000,38,35,73
3529,90,85,175
5953,12,8,20
3851,914,783,1697
5669,16,26,42
4178,58,82,140
4850,22,22,44
1366,410,429,839
1879,142,131,273
6166,0,1,1
2871,77,84,161
3983,301,319,620
7168,3,4,7
5085,235,294,529
5063,47,37,84
5618,138,116,254
5825,139,141,280
1775,7,11,18
4658,8,6,14
7724,75,86,161
694,360,421,781
2705,67,73,140
6254,75,65,140
4925,171,186,357
4310,51,96,147
2890,77,83,160
267,95,80,175
8668,41,39,80
8734,0,0,0
6272,53,45,98
3946,121,150,271
2692,10,38,48
3342,430,470,900
5333,10,17,27
6847,44,45,89
1449,133,133,266
4170,153,106,259
7513,8,8,16
4673,64,69,133
4022,306,304,610
653,157,169,326
6235,38,45,83
3032,49,47,96
2445,30,26,56
5107,4,11,15
4157,0,0,0
3705,234,220,454
7804,0,0,0
5265,6,8,14
4549,2,5,7
8047,79,94,173
6635,102,106,208
8491,42,42,84
8399,17,18,35
8585,3,5,8
6857,17,25,42
3267,180,202,382
5637,333,278,611
7256,3,6,9
7660,20,28,48
8743,14,28,42
8378,38,53,91
1144,182,200,382
1834,134,143,277
4062,448,406,854
2262,21,21,42
650,267,282,549
408,65,71,136
4412,3,4,7
8827,2,5,7
2972,94,95,189
4013,141,108,249
3616,243,214,457
1990,59,62,121
2867,93,117,210
4888,154,119,273
5133,122,123,245
1744,153,176,329
7957,6,8,14
3766,267,326,593
1532,54,70,124
1216,676,669,1345
1609,1,6,7
4631,138,191,329
7160,3,4,7
1158,326,339,665
6015,5,9,14
2304,619,305,924
1778,17,20,37
4868,267,321,588
6963,0,0,0
5841,255,264,519
7532,38,42,80
6227,2,5,7
3396,158,126,284
1483,543,530,1073
437,238,267,505
5818,101,130,231
1319,634,250,884
2522,184,172,356
7368,0,3,3
2035,111,120,231
6173,13,22,35
3079,300,281,581
3227,101,88,189
8446,0,0,0
1583,3,11,14
1672,8,5,13
2397,159,150,309
4203,108,101,209
8553,34,29,63
5355,118,236,354
8166,40,49,89
7554,34,38,72
2622,70,126,196
8207,55,85,140
80,166,81,247
499,288,314,602
757,111,135,246
4562,14,14,28
5543,125,127,252
800,144,136,280
2387,96,107,203
1121,241,259,500
5171,127,126,253
5360,11,3,14
5151,7,7,14
6535,27,45,72
8198,13,8,21
4655,0,0,0
8640,30,30,60
8594,7,7,14
93,107,76,183
4439,0,0,0
2138,137,129,266
8087,13,12,25
7514,183,174,357
8614,68,49,117
8512,14,27,41
3685,346,333,679
6619,101,123,224
7021,1,3,4
6088,12,16,28
8648,19,13,32
2570,173,159,332
3268,174,169,343
2160,212,215,427
8023,48,47,95
7682,5,3,8
4822,179,185,364
4497,5,2,7
8814,3,5,8
205,91,74,165
2876,76,99,175
2844,235,206,441
971,645,413,1058
523,48,50,98
8484,11,17,28
6193,5,7,12
8280,86,77,163
6070,24,25,49
8434,0,7,7
1207,700,714,1414
6926,0,0,0
8573,5,5,10
8656,51,53,104
6972,0,0,0
4954,28,28,56
7750,141,138,279
7096,0,0,0
551,397,457,854
2780,14,35,49
1929,48,25,73
5289,173,177,350
4437,24,56,80
5092,4,3,7
6983,0,0,0
2782,29,28,57
8620,42,30,72
5967,53,59,112
7412,6,10,16
992,334,319,653
5504,54,64,118
797,215,226,441
5810,203,189,392
7952,0,0,0
3278,53,45,98
6402,19,23,42
24,265,206,471
3801,216,267,483
8266,89,83,172
2123,13,22,35
1539,79,89,168
4617,204,188,392
922,173,168,341
5656,146,169,315
6367,49,43,92
1044,142,160,302
7194,0,0,0
8315,86,91,177
480,219,232,451
6529,132,134,266
3686,235,169,404
7429,179,180,359
829,154,175,329
3179,225,233,458
5838,0,1,1
5584,109,94,203
5682,23,11,34
6357,77,95,172
7072,8,6,14
1084,139,164,303
1654,92,101,193
5083,5,5,10
6186,2,5,7
1042,16,12,28
421,197,215,412
2529,118,113,231
2714,82,100,182
2078,487,397,884
7792,55,64,119
6372,190,167,357
8393,8,13,21
6243,6,8,14
1813,116,115,231
7598,24,48,72
4004,210,223,433
3440,258,303,561
5463,8,20,28
8688,13,35,48
8449,0,0,0
7385,72,68,140
3320,42,63,105
1398,243,266,509
306,58,40,98
3373,30,61,91
579,106,89,195
2632,121,124,245
1165,195,191,386
3359,349,368,717
6007,21,18,39
904,560,319,879
5402,5,9,14
4814,1,1,2
7601,56,70,126
995,414,383,797
255,164,165,329
91,103,81,184
6345,113,110,223
7427,16,16,32
8811,0,0,0
2060,41,60,101
434,91,103,194
4813,4,6,10
1892,4,9,13
6868,30,26,56
2700,46,109,155
6355,44,50,94
921,205,201,406
4763,21,35,56
7642,45,51,96
2978,180,165,345
5556,186,175,361
3487,16,19,35
1670,4,3,7
5031,182,182,364
4469,288,283,571
2455,26,24,50
1524,7,11,18
1053,262,250,512
7060,0,7,7
2504,95,93,188
4326,4,6,10
33,458,383,841
2983,109,97,206
4992,409,387,796
2508,120,146,266
2278,233,224,457
8587,7,7,14
7272,0,0,0
2631,90,92,182
5724,21,28,49
3184,27,79,106
2148,58,68,126
642,505,502,1007
8786,7,7,14
1275,348,184,532
3680,267,254,521
1225,155,159,314
166,157,140,297
6155,3,4,7
1690,157,169,326
6044,3,2,5
5629,164,149,313
8519,0,0,0
2694,36,32,68
6084,10,18,28
1607,187,177,364
2765,107,96,203
5972,68,73,141
6812,55,33,88
6120,16,26,42
1237,259,247,506
5054,43,48,91
1399,172,200,372
1179,175,168,343
8529,1,6,7
4463,22,27,49
3654,251,252,503
6458,93,81,174
3091,453,453,906
4773,81,108,189
1117,276,368,644
1699,488,500,988
5186,288,268,556
5606,181,190,371
3375,298,336,634
4557,58,74,132
2294,88,73,161
8513,8,6,14
6632,75,70,145
1637,22,28,50
2189,70,74,144
7229,0,1,1
3675,294,294,588
5595,162,125,287
2768,120,111,231
3162,55,66,121
5991,28,14,42
4684,20,17,37
6628,48,64,112
1671,2,6,8
8810,2,5,7
1593,86,93,179
6994,0,0,0
1426,6,8,14
5811,258,291,549
2573,413,245,658
6604,58,54,112
8495,42,42,84
1359,77,103,180
6550,53,52,105
4283,27,64,91
571,231,221,452
1986,159,170,329
6374,5,2,7
7277,0,0,0
1912,91,82,173
3363,827,444,1271
6614,28,35,63
6751,8,6,14
5114,90,92,182
5281,47,58,105
5401,0,11,11
2750,153,150,303
151,280,253,533
6746,5,3,8
3920,461,434,895
4832,167,159,326
1048,17,32,49
7936,13,15,28
6409,1,6,7
5479,113,98,211
286,113,97,210
3922,409,354,763
902,219,227,446
1545,332,300,632
7176,0,0,0
7474,28,36,64
3082,176,216,392
167,119,83,202
2630,26,16,42
3482,405,661,1066
4519,131,81,212
6829,65,61,126
1374,223,261,484
4197,325,318,643
8735,0,0,0
8771,12,4,16
3414,55,36,91
366,141,128,269
1102,91,91,182
3999,172,171,343
6672,82,86,168
8125,114,110,224
1191,267,234,501
6834,10,12,22
649,253,256,509
5270,11,17,28
71,295,271,566
8072,80,74,154
2926,12,16,28
6240,167,183,350
6781,9,5,14
2511,48,36,84
5787,46,49,95
527,506,542,1048
3970,81,73,154
7542,25,23,48
289,263,247,510
7487,155,181,336
7760,94,113,207
6213,8,8,16
1660,11,10,21
2382,84,98,182
4066,504,446,950
5403,1,6,7
4538,29,41,70
2085,294,283,577
570,97,140,237
1314,530,529,1059
3818,112,98,210
2229,138,156,294
8004,142,124,266
3522,366,482,848
3056,92,83,175
4057,389,353,742
7499,29,27,56
1577,155,153,308
1379,135,157,292
2242,90,85,175
7218,7,7,14
3493,168,218,386
525,262,298,560
1932,9,27,36
2373,101,121,222
3191,108,95,203
4753,42,35,77
5677,69,64,133
6936,0,0,0
6620,60,71,131
6702,6,11,17
4517,233,218,451
4754,2,4,6
1176,376,347,723
169,230,208,438
581,174,394,568
1465,186,197,383
6450,129,144,273
6515,13,8,21
5087,9,19,28
5743,34,26,60
6418,15,20,35
5734,87,82,169
5323,54,58,112
6197,6,8,14
219,198,187,385
8490,44,39,83
5952,32,45,77
7926,0,0,0
4430,99,83,182
6922,0,0,0
7548,73,67,140
6725,5,7,12
6431,23,26,49
3052,29,19,48
4039,289,297,586
529,377,454,831
6069,49,63,112
8397,37,46,83
5462,68,56,124
3832,360,365,725
8242,106,109,215
443,468,532,1000
1475,14,14,28
7252,5,2,7
5250,45,72,117
2884,108,108,216
8139,71,69,140
6769,62,57,119
1014,812,845,1657
6766,25,24,49
590,384,445,829
598,25,75,100
3403,274,300,574
3753,255,257,512
2872,90,113,203
2902,224,210,434
8574,6,8,14
772,276,270,546
99,187,190,377
1870,103,93,196
4230,212,249,461
2544,146,124,270
2250,327,298,625
7830,15,15,30
1793,10,11,21
1442,115,130,245
3221,433,424,857
6031,17,29,46
6675,29,27,56
3231,48,57,105
4741,23,54,77
371,60,61,121
2172,28,42,70
6472,143,165,308
6245,2,2,4
7084,5,3,8
3619,170,165,335
2703,55,58,113
4659,6,8,14
5444,230,204,434
2050,57,62,119
5467,21,36,57
388,498,506,1004
6236,5,2,7
3958,82,119,201
2709,27,37,64
2551,129,109,238
4682,3,5,8
8258,95,98,193
5454,236,235,471
7909,7,7,14
7213,6,1,7
6152,2,5,7
3311,221,398,619
8651,27,29,56
8370,51,65,116
2444,14,21,35
6163,22,27,49
3953,394,524,918
3622,106,97,203
2654,133,98,231
795,107,117,224
3940,106,146,252
2392,150,151,301
4686,2,6,8
8532,0,4,4
3917,399,366,765
5987,25,38,63
2248,211,202,413
2711,47,58,105
1080,33,44,77
5836,253,247,500
5619,103,70,173
515,14,25,39
3608,286,306,592
6071,240,188,428
4175,15,29,44
2472,21,35,56
6806,62,78,140
1701,383,369,752
7797,25,31,56
6607,119,105,224
7337,0,0,0
7165,0,0,0
2009,97,92,189
7175,0,0,0
1462,197,189,386
3835,927,944,1871
1049,5,9,14
7735,73,67,140
3177,75,73,148
1265,73,78,151
843,191,215,406
4670,15,34,49
6859,25,17,42
8646,21,35,56
8419,7,8,15
5813,175,196,371
672,524,504,1028
7246,0,0,0
6931,0,0,0
4712,2,12,14
8642,33,30,63
2702,25,22,47
7714,44,36,80
848,152,169,321
3915,339,305,644
5728,0,0,0
3327,223,197,420
5086,165,171,336
2370,42,42,84
8232,115,109,224
2968,117,119,236
372,314,314,628
646,65,40,105
7361,3,13,16
8332,112,127,239
8445,6,8,14
6819,12,9,21
54,192,190,382
7439,19,29,48
2100,113,111,224
1574,36,41,77
6596,137,138,275
3434,9,6,15
7741,61,93,154
6622,47,58,105
6573,91,104,195
6017,2,5,7
7949,0,0,0
2261,27,23,50
1190,373,390,763
1129,551,547,1098
7200,0,0,0
30,531,542,1073
2101,188,175,363
3285,800,496,1296
4356,95,108,203
3202,239,258,497
1949,25,31,56
4956,66,81,147
5533,159,210,369
53,134,72,206
4354,12,23,35
624,118,117,235
2173,19,16,35
4358,77,84,161
3502,223,253,476
3301,92,83,175
6629,81,115,196
6733,0,0,0
657,320,287,607
3886,416,427,843
1954,646,656,1302
5729,101,92,193
8309,85,89,174
6723,0,0,0
2298,6,1,7
8836,0,0,0
2627,42,49,91
6597,103,114,217
3180,143,110,253
7343,0,0,0
7310,0,0,0
5944,5,9,14
4805,8,6,14
3791,163,173,336
496,127,161,288
3395,494,484,978
8792,0,3,3
5978,0,4,4
562,52,71,123
2301,478,462,940
7163,10,4,14
4699,2,7,9
7003,0,0,0
2149,51,46,97
8679,15,25,40
4254,0,0,0
4809,9,16,25
5219,49,35,84
6916,0,0,0
5737,6,8,14
2870,60,52,112
301,167,165,332
3673,269,205,474
6689,5,9,14
3676,175,140,315
6510,0,4,4
4293,2,12,14
6181,9,5,14
471,207,213,420
8691,27,35,62
2652,208,193,401
1211,248,235,483
6894,9,12,21
818,111,122,233
2456,263,260,523
5791,116,108,224
3394,269,222,491
1436,33,58,91
20,353,230,583
4606,4,10,14
2208,5,2,7
1602,2,5,7
6838,28,72,100
7586,22,26,48
2693,21,31,52
1612,225,263,488
6291,6,1,7
7661,25,36,61
7488,66,74,140
2604,152,156,308
8663,34,42,76
3484,75,100,175
8353,39,45,84
6978,0,0,0
4362,596,606,1202
1108,132,134,266
630,258,269,527
7543,54,65,119
1873,197,202,399
7867,0,0,0
32,299,287,586
455,214,238,452
376,52,42,94
1947,16,26,42
5794,74,89,163
6603,93,94,187
1817,211,174,385
7251,0,0,0
7651,78,104,182
2376,77,84,161
2403,159,149,308
6103,7,4,11
1600,356,328,684
6421,22,41,63
7990,6,8,14
713,14,35,49
3640,147,147,294
3481,84,84,168
8040,47,65,112
7373,97,113,210
5975,60,59,119
5803,7,7,14
5122,4,3,7
5705,99,104,203
8103,7,14,21
8153,75,100,175
6528,7,7,14
5526,60,59,119
5310,90,94,184
3947,24,40,64
1390,322,368,690
85,84,66,150
5197,386,347,733
2092,54,66,120
868,122,129,251
7824,181,176,357
1318,133,146,279
6601,97,105,202
7644,43,69,112
3980,148,157,305
6405,64,92,156
4572,22,20,42
2476,43,69,112
8201,16,33,49
3847,669,700,1369
2214,26,37,63
637,463,483,946
8053,1,5,6
1585,9,12,21
4031,204,202,406
1732,71,76,147
8695,13,19,32
5732,78,106,184
7485,9,15,24
3746,628,645,1273
440,47,43,90
5886,101,102,203
6940,0,0,0
6124,29,44,73
5396,8,6,14
4674,180,208,388
1862,112,127,239
4015,279,232,511
3809,168,152,320
1622,13,15,28
1943,184,201,385
5909,237,240,477
4548,0,0,0
3343,214,185,399
8798,4,3,7
5321,126,135,261
6251,4,5,9
2040,174,180,354
5255,167,150,317
3167,83,95,178
2969,51,68,119
3019,66,74,140
484,45,46,91
234,248,247,495
4019,176,161,337
8603,9,5,14
2735,94,102,196
3678,252,217,469
3017,108,123,231
4247,181,193,374
1673,13,8,21
6594,49,41,90
8089,5,2,7
3536,446,458,904
7878,1,2,3
6651,24,25,49
5678,79,96,175
280,139,162,301
8223,116,106,222
2049,26,26,52
7975,3,4,7
7954,0,0,0
6474,131,142,273
5390,116,108,224
1823,8,11,19
7556,78,76,154
3906,301,289,590
2809,39,49,88
6951,0,0,0
244,110,82,192
5335,75,72,147
1356,393,431,824
5448,112,119,231
8407,23,26,49
763,67,66,133
8503,22,34,56
5758,104,107,211
1143,201,198,399
2169,197,167,364
4070,449,439,888
2763,109,108,217
5609,285,263,548
4325,7,5,12
2378,113,125,238
1304,253,224,477
7645,53,73,126
2599,107,95,202
4360,73,67,140
220,94,81,175
2145,24,25,49
2988,78,83,161
7757,96,97,193
5262,3,5,8
3726,360,340,700
8488,8,13,21
8661,39,52,91
7044,7,7,14
7684,74,82,156
380,84,84,168
2549,121,103,224
6921,0,0,0
3390,252,231,483
6923,0,0,0
8163,29,28,57
6444,62,71,133
514,181,352,533
6793,59,74,133
6021,7,7,14
8334,23,20,43
321,169,166,335
1988,111,126,237
1027,556,543,1099
4218,99,104,203
1578,96,91,187
791,151,199,350
98,90,47,137
7294,0,0,0
2219,17,18,35
5631,235,217,452
2534,129,123,252
6837,12,19,31
3553,162,213,375
2942,25,18,43
3936,93,131,224
5123,15,13,28
8272,93,97,190
7490,88,106,194
5538,157,180,337
5576,225,226,451
4318,166,191,357
2366,73,95,168
6422,16,19,35
1457,173,161,334
7271,0,0,0
8330,97,118,215
3996,253,265,518
1460,143,121,264
7953,0,1,1
3589,208,232,440
8736,0,7,7
5016,5,37,42
3271,222,222,444
5111,4,3,7
1733,117,116,233
4402,29,32,61
1553,553,508,1061
7154,0,0,0
7192,3,11,14
4087,226,228,454
4116,170,173,343
5336,143,163,306
1992,72,75,147
5207,16,26,42
931,115,102,217
7390,24,32,56
2967,63,45,108
739,133,148,281
227,80,72,152
6281,122,136,258
2157,142,138,280
8722,17,18,35
8796,11,4,15
7117,8,13,21
6737,52,50,102
4049,334,324,658
5684,223,207,430
5110,4,11,15
2723,97,106,203
1472,15,29,44
6872,0,2,2
4102,24,29,53
6217,40,24,64
3463,21,22,43
4350,0,0,0
8204,5,9,14
1720,17,25,42
3962,44,40,84
1569,291,313,604
4585,81,66,147
7890,6,8,14
2998,102,105,207
450,97,100,197
5534,167,191,358
3870,227,242,469
8380,7,14,21
6871,41,37,78
1960,223,199,422
162,116,101,217
2730,67,87,154
8174,28,28,56
2271,57,55,112
3124,226,448,674
5247,286,260,546
3938,99,138,237
1266,179,185,364
3025,99,91,190
5298,254,264,518
5997,24,50,74
3139,141,87,228
1133,213,198,411
4510,48,50,98
4282,4,10,14
1787,94,108,202
65,405,370,775
1567,151,171,322
8665,21,27,48
2799,80,88,168
1985,38,38,76
2064,50,56,106
681,191,201,392
2670,274,239,513
3695,447,441,888
7889,2,19,21
178,77,63,140
5766,187,187,374
5708,58,62,120
5267,5,2,7
874,207,214,421
5379,43,48,91
203,446,397,843
3574,236,246,482
7692,19,29,48
7241,0,0,0
3071,90,122,212
21,374,328,702
5894,256,241,497
6273,54,58,112
2097,55,57,112
8144,47,58,105
6056,17,11,28
6976,0,0,0
6008,60,66,126
5025,139,148,287
3932,10,18,28
743,160,164,324
1446,87,73,160
8379,24,38,62
4740,11,24,35
704,181,167,348
5727,0,0,0
8647,44,51,95
5644,408,413,821
3697,154,151,305
8088,16,12,28
6346,62,43,105
5191,154,154,308
3223,466,440,906
5828,191,194,385
5295,66,53,119
4853,252,266,518
8746,3,11,14
314,125,110,235
1166,149,132,281
5127,25,49,74
1687,44,47,91
252,80,64,144
396,128,131,259
855,176,187,363
909,276,263,539
8005,102,96,198
1936,19,35,54
3186,21,22,43
549,364,357,721
4184,228,202,430
1261,128,143,271
1183,284,249,533
5105,11,11,22
5706,61,100,161
6072,30,34,64
3759,44,68,112
5334,10,11,21
2048,35,35,70
511,287,339,626
8376,12,23,35
5650,0,8,8
7299,0,0,0
8699,32,50,82
7470,101,89,190
7380,50,46,96
3586,287,272,559
2653,218,221,439
2010,74,60,134
4785,9,12,21
8541,22,34,56
3939,169,257,426
3255,371,303,674
2428,2,5,7
7328,4,2,6
8006,141,129,270
6150,4,3,7
3797,27,36,63
2695,46,52,98
8549,3,4,7
3604,150,149,299
5070,117,114,231
7683,42,38,80
4462,76,92,168
1226,10,11,21
6253,69,71,140
7129,0,0,0
6196,7,7,14
8211,11,10,21
8146,41,36,77
3451,148,216,364
2646,88,87,175
8558,10,11,21
6508,52,61,113
3145,10,10,20
8181,13,14,27
8367,57,73,130
6658,89,93,182
8566,12,16,28
6128,9,6,15
2755,136,131,267
5585,242,248,490
7331,1,6,7
3468,7,8,15
1500,63,56,119
3398,687,679,1366
1364,367,435,802
852,103,107,210
3860,466,485,951
8282,86,92,178
5338,197,204,401
8423,23,33,56
3931,28,44,72
8283,60,60,120
1151,227,235,462
8308,73,74,147
7501,69,92,161
8613,0,0,0
2731,70,80,150
7164,0,0,0
422,268,254,522
553,514,585,1099
5425,91,117,208
8760,26,34,60
1106,180,194,374
7992,5,9,14
3591,93,82,175
6292,169,209,378
462,80,166,246
4076,153,261,414
4117,196,193,389
7254,0,0,0
2436,91,98,189
441,34,36,70
2117,157,144,301
6289,75,58,133
5069,102,94,196
307,101,100,201
6093,96,75,171
2517,76,78,154
7610,28,23,51
3823,582,572,1154
8019,31,17,48
3284,240,208,448
3074,88,87,175
7126,0,0,0
393,291,309,600
8069,82,86,168
6475,62,50,112
907,242,295,537
1789,201,190,391
3224,108,158,266
6494,68,65,133
2452,40,44,84
3607,124,87,211
2133,205,228,433
8244,54,44,98
122,57,34,91
5344,4,3,7
7261,4,3,7
4958,42,32,74
1040,122,165,287
1323,43,58,101
5555,264,269,533
2308,233,202,435
1272,137,150,287
1159,387,329,716
6491,65,65,130
7811,32,46,78
6172,3,5,8
4895,143,144,287
2297,0,6,6
4478,62,59,121
2203,68,44,112
6741,7,16,23
8655,17,23,40
3570,117,101,218
7375,102,101,203
5660,11,18,29
4852,537,549,1086
4373,165,205,370
8774,17,21,38
361,113,101,214
3132,58,73,131
2667,368,337,705
2077,257,236,493
6221,0,6,6
367,173,187,360
4423,76,100,176
4425,264,277,541
2585,65,82,147
4821,192,200,392
1857,104,134,238
1411,15,13,28
5513,70,91,161
6969,0,0,0
7666,104,83,187
1230,84,96,180
2185,22,42,64
3465,47,93,140
3649,318,339,657
96,345,321,666
160,277,243,520
3526,112,140,252
6934,0,0,0
5862,216,207,423
7744,57,55,112
1584,23,26,49
2734,73,88,161
3047,68,79,147
3659,245,244,489
23,608,597,1205
8803,3,4,7
1572,11,17,28
8340,101,100,201
7935,25,17,42
6389,128,131,259
3545,248,275,523
4994,326,321,647
3387,175,157,332
4924,217,224,441
596,30,51,81
7557,31,44,75
6513,12,9,21
1682,242,255,497
430,67,61,128
7372,78,81,159
6605,115,109,224
1260,123,129,252
6810,40,37,77
3457,261,252,513
183,174,162,336
312,53,45,98
1017,400,408,808
7436,65,87,152
7832,28,36,64
2903,160,148,308
4041,161,143,304
2227,59,60,119
7228,9,16,25
7917,9,12,21
5507,69,99,168
1603,9,6,15
5346,3,4,7
1728,65,103,168
925,190,177,367
4575,44,19,63
3505,301,357,658
1422,58,54,112
3572,147,159,306
6028,40,34,74
2937,16,5,21
628,89,89,178
8562,12,9,21
1727,36,34,70
2572,275,258,533
4453,0,0,0
7762,4,4,8
5865,120,104,224
7905,0,0,0
4739,4,3,7
6616,48,92,140
6336,27,25,52
4215,73,96,169
260,132,125,257
4251,167,160,327
4544,26,23,49
4072,4,3,7
7428,25,47,72
2633,127,139,266
3634,347,303,650
2911,198,226,424
4079,20,36,56
7172,0,0,0
8765,26,14,40
6219,3,4,7
6659,97,95,192
3549,161,168,329
6566,82,90,172
8589,3,4,7
4912,663,557,1220
4047,310,264,574
6663,56,84,140
1428,14,21,35
7052,4,3,7
8349,20,29,49
8301,65,73,138
6447,154,147,301
1227,34,36,70
3259,237,257,494
3880,253,223,476
3540,282,240,522
7481,112,98,210
2822,80,61,141
7158,0,0,0
6384,46,46,92
4415,5,9,14
6898,13,28,41
2617,20,36,56
2389,155,158,313
6788,71,77,148
5929,3,4,7
7257,2,1,3
6105,0,4,4
8312,77,80,157
522,77,84,161
2115,116,125,241
5064,196,209,405
6552,45,67,112
7998,0,0,0
7612,84,98,182
8355,65,54,119
5494,113,118,231
6541,17,25,42
6548,33,35,68
3624,264,315,579
2741,171,176,347
6815,85,83,168
64,357,356,713
1208,310,274,584
3282,367,365,732
1186,244,219,463
7517,0,0,0
4252,239,227,466
263,122,86,208
4431,217,224,441
153,444,429,873
6060,3,4,7
6375,44,75,119
5668,51,61,112
3651,280,268,548
43,681,615,1296
6268,88,94,182
4165,267,244,511
2946,111,99,210
5387,71,69,140
5305,200,186,386
6711,6,8,14
6159,4,3,7
6269,170,165,335
7051,4,10,14
5300,210,178,388
2655,64,34,98
5044,6,8,14
8257,80,83,163
194,107,67,174
3412,325,311,636
5055,98,93,191
5447,17,11,28
7120,4,3,7
2319,59,67,126
5792,38,26,64
1371,161,202,363
2970,166,157,323
8285,93,89,182
689,211,149,360
4115,200,217,417
5042,3,4,7
2841,192,204,396
3749,415,400,815
5750,83,95,178
8116,0,1,1
1088,87,123,210
223,230,227,457
4750,13,16,29
6720,14,14,28
862,150,168,318
2091,68,113,181
4192,40,30,70
3305,213,165,378
2854,42,49,91
2215,130,199,329
222,108,101,209
368,350,321,671
6740,21,21,42
1432,23,33,56
4263,354,362,716
1294,354,333,687
5717,64,59,123
6773,5,9,14
4364,157,129,286
8631,40,38,78
3897,389,391,780
8241,131,137,268
3099,21,36,57
3297,103,80,183
7697,36,44,80
734,200,198,398
2440,150,151,301
934,268,278,546
5284,132,125,257
550,93,111,204
7151,3,2,5
1045,102,112,214
4808,8,6,14
2339,51,47,98
4607,8,6,14
7356,5,3,8
8150,54,58,112
3543,132,148,280
1130,111,99,210
7613,87,82,169
328,145,136,281
4151,223,239,462
6718,12,16,28
5591,304,326,630
3575,188,204,392
5120,1,3,4
4884,89,110,199
8020,70,77,147
6567,64,80,144
7528,84,112,196
6478,95,87,182
2377,117,149,266
5011,221,182,403
3884,306,296,602
805,62,71,133
4226,537,337,874
3166,107,173,280
2333,75,62,137
612,35,21,56
673,582,605,1187
4000,216,188,404
3129,254,219,473
61,122,94,216
8448,0,0,0
609,47,16,63
6530,3,11,14
7756,44,28,72
3735,412,405,817
6386,127,146,273
2899,198,187,385
4107,88,110,198
8672,27,34,61
3554,341,304,645
3137,58,47,105
3036,82,77,159
7959,3,4,7
1808,116,123,239
7199,0,0,0
953,42,46,88
3973,67,87,154
3949,39,52,91
7508,67,79,146
5216,127,141,268
7864,0,0,0
7483,47,49,96
2836,177,167,344
5673,28,21,49
3178,67,66,133
2636,64,59,123
34,283,232,515
6679,63,77,140
7521,28,36,64
1180,249,248,497
7505,0,0,0
6347,117,115,232
3606,335,330,665
4142,0,0,0
1498,149,135,284
3639,259,209,468
7649,71,97,168
2669,301,205,506
5412,48,54,102
7799,89,91,180
5625,253,235,488
8605,6,8,14
2429,45,102,147
217,103,93,196
7932,0,0,0
119,190,167,357
7599,23,24,47
5817,235,217,452
8217,131,108,239
1354,150,172,322
5726,37,47,84
7028,0,0,0
5163,48,58,106
3991,332,368,700
2020,7,7,14
8264,138,148,286
4499,87,89,176
242,202,161,363
2089,26,30,56
8473,11,10,21
7316,0,1,1
3263,46,33,79
5414,76,85,161
8761,2,6,8
865,304,298,602
676,437,500,937
3256,3,4,7
8360,13,15,28
665,168,159,327
5959,58,54,112
4647,7,7,14
348,195,257,452
3380,471,495,966
1983,99,102,201
1357,81,99,180
5880,76,79,155
8250,68,50,118
4393,152,163,315
5621,250,245,495
6783,21,42,63
7139,15,13,28
3950,259,294,553
2218,36,55,91
3687,337,321,658
7951,0,0,0
4021,202,215,417
7856,12,18,30
6892,28,29,57
5325,80,81,161
8097,83,100,183
513,39,56,95
3015,100,79,179
7401,41,55,96
7675,31,29,60
6995,0,0,0
241,117,96,213
5680,242,255,497
7782,62,92,154
8233,105,85,190
4648,51,56,107
5153,3,4,7
5785,96,103,199
1046,28,56,84
987,585,618,1203
304,401,393,794
6471,71,69,140
4048,304,284,588
1851,34,13,47
4222,108,99,207
206,225,236,461
6897,22,20,42
6794,13,8,21
1065,75,79,154
3627,347,339,686
7814,17,7,24
2575,4,10,14
1477,150,128,278
8240,100,104,204
5021,17,11,28
1907,47,30,77
1235,3,4,7
2265,159,189,348
1887,285,275,560
1766,205,191,396
3546,31,32,63
1711,15,25,40
6933,0,0,0
4100,21,61,82
945,546,519,1065
4312,94,107,201
6392,6,5,11
8229,90,68,158
8452,55,49,104
8702,26,54,80
3490,86,89,175
4132,22,13,35
1363,64,76,140
3293,300,323,623
3112,76,64,140
7821,89,78,167
1705,239,205,444
7472,0,0,0
3323,33,39,72
6678,21,35,56
8079,96,114,210
2352,155,151,306
7424,90,99,189
1012,491,505,996
3130,115,82,197
5292,159,170,329
5686,38,53,91
6904,117,121,238
1655,85,83,168
605,110,156,266
3113,418,407,825
72,97,76,173
1085,117,119,236
6821,38,46,84
1806,72,75,147
111,77,43,120
3369,24,33,57
439,79,96,175
2720,94,109,203
4762,10,19,29
8337,88,92,180
4551,0,0,0
7550,41,43,84
8067,103,100,203
7659,9,7,16
1719,42,56,98
7193,0,0,0
6459,21,42,63
1404,28,13,41
8119,163,149,312
8261,103,105,208
2186,29,36,65
7969,0,0,0
143,281,209,490
6328,27,43,70
1408,45,56,101
5472,68,86,154
5955,15,20,35
4482,94,81,175
4564,65,81,146
4202,230,269,499
1214,579,591,1170
144,168,137,305
8769,33,23,56
688,307,295,602
5293,92,110,202
4342,4,17,21
8345,70,102,172
8167,53,66,119
4829,18,17,35
1499,166,197,363
6642,98,89,187
4103,23,33,56
710,57,38,95
6228,3,4,7
4375,18,17,35
3731,309,317,626
8231,96,89,185
7985,0,0,0
3714,491,481,972
8717,0,0,0
8657,45,49,94
8068,71,62,133
8497,32,38,70
2806,54,58,112
1519,5,6,11
8715,10,6,16
8205,7,14,21
6665,25,18,43
5835,265,274,539
7408,44,52,96
1073,152,135,287
3756,23,33,56
7736,50,54,104
1402,254,66,320
360,125,127,252
3489,176,244,420
8453,54,51,105
3244,188,146,334
638,64,97,161
1962,27,36,63
2405,140,119,259
1247,58,75,133
6704,12,16,28
2895,153,148,301
7061,3,4,7
2925,185,186,371
5275,73,121,194
7370,31,37,68
1028,420,414,834
6988,0,0,0
405,73,87,160
4002,364,385,749
3479,24,27,51
8818,3,1,4
1780,60,59,119
8095,8,20,28
432,94,90,184
5364,80,95,175
6184,17,18,35
2920,108,105,213
1999,327,362,689
6884,5,9,14
2690,3,4,7
1718,25,31,56
8260,90,100,190
6832,0,1,1
1137,213,229,442
4401,72,66,138
2862,74,73,147
2738,84,89,173
228,70,63,133
5495,38,67,105
8570,16,19,35
2307,319,283,602
2295,189,174,363
6224,9,12,21
533,90,121,211
2296,113,97,210
3555,103,111,214
8059,171,152,323
2244,341,330,671
7026,0,0,0
1050,138,128,266
1224,92,107,199
1626,36,36,72
5078,505,486,991
75,123,81,204
1264,112,133,245
906,352,345,697
6912,0,0,0
7620,67,86,153
7119,2,5,7
3769,201,197,398
4541,42,49,91
5374,6,1,7
3475,117,127,244
3092,175,167,342
6987,0,0,0
2412,71,69,140
127,236,229,465
3909,274,251,525
7063,0,1,1
1450,371,409,780
3887,262,247,509
1743,126,142,268
2422,30,31,61
4477,23,40,63
8336,29,34,63
181,140,124,264
2637,52,46,98
6043,23,19,42
6395,5,2,7
7881,5,2,7
282,136,116,252
436,53,38,91
4212,151,155,306
335,203,209,412
82,94,41,135
4757,17,34,51
2487,31,32,63
8255,98,117,215
5350,2,6,8
2947,207,200,407
1840,0,7,7
2813,87,81,168
7983,0,0,0
4315,0,3,3
6695,27,29,56
3155,88,79,167
3182,0,0,0
719,81,93,174
8758,7,9,16
6965,0,0,0
7911,11,12,23
5296,144,149,293
1899,118,130,248
89,129,102,231
4471,124,127,251
6201,13,22,35
7388,21,27,48
7695,57,55,112
5279,54,58,112
8117,0,0,0
1189,227,203,430
5423,27,29,56
7311,0,0,0
1650,40,44,84
105,370,298,668
8623,51,55,106
1968,31,32,63
7725,84,91,175
4056,433,400,833
4162,259,246,505
8700,8,8,16
4707,23,19,42
6999,0,0,0
2537,132,125,257
6858,46,48,94
236,78,55,133
4612,107,117,224
6650,26,37,63
6114,20,29,49
8781,0,0,0
7349,25,47,72
5596,142,147,289
4742,12,16,28
121,575,580,1155
174,159,137,296
4661,6,13,19
1213,720,753,1473
3518,155,174,329
3744,357,379,736
1401,316,293,609
5896,111,90,201
5773,285,301,586
3429,6,8,14
7108,0,0,0
1037,50,69,119
3152,427,386,813
8526,0,0,0
3896,357,348,705
860,258,306,564
814,171,187,358
6455,138,135,273
4997,573,286,859
714,16,33,49
7615,22,18,40
8372,71,76,147
1975,31,25,56
3332,2,5,7
6310,74,80,154
320,183,180,363
7367,81,87,168
5508,81,85,166
1454,202,225,427
4623,0,0,0
1124,198,222,420
4677,168,160,328
6424,22,20,42
7333,0,0,0
2610,70,70,140
4028,222,226,448
6869,44,47,91
5546,146,149,295
4096,11,10,21
3918,206,157,363
3315,147,156,303
268,131,125,256
8081,72,73,145
899,126,103,229
5303,112,98,210
3240,55,37,92
3694,310,282,592
3055,45,49,94
8403,10,4,14
7036,0,0,0
6322,19,23,42
915,239,244,483
4483,4,3,7
6316,5,3,8
8727,10,10,20
1229,21,35,56
8550,0,0,0
3581,337,328,665
4882,40,37,77
6990,0,0,0
4567,52,60,112
5871,268,224,492
5091,7,8,15
3841,560,601,1161
3843,603,636,1239
4221,140,128,268
6890,10,11,21
3720,300,255,555
664,186,154,340
3839,281,223,504
2286,47,55,102
2771,217,221,438
359,404,416,820
1416,105,126,231
1104,189,203,392
6098,22,13,35
2794,50,62,112
8820,0,0,0
6309,95,100,195
1592,45,45,90
886,348,330,678
8539,7,4,11
8740,0,0,0
7638,58,52,110
7779,40,24,64
4377,96,95,191
5969,26,15,41
5132,112,97,209
7018,3,4,7
1349,49,54,103
6154,5,2,7
2371,38,60,98
8388,76,85,161
3751,601,631,1232
8577,11,10,21
7518,0,0,0
2252,326,323,649
102,222,143,365
4733,10,18,28
7938,5,9,14
2321,28,26,54
6662,48,62,110
5612,213,178,391
3512,223,303,526
5624,186,172,358
19,297,188,485
1013,440,446,886
8652,36,39,75
4306,218,196,414
780,107,135,242
2616,3,4,7
2516,69,64,133
3852,595,495,1090
7571,3,5,8
1415,12,16,28
1262,330,294,624
3944,216,222,438
2506,66,74,140
2023,3,4,7
4292,4,9,13
5009,199,216,415
4207,0,7,7
5246,137,113,250
2199,164,179,343
3548,52,60,112
3329,275,271,546
594,272,592,864
5679,181,206,387
226,369,347,716
2466,492,477,969
1295,282,292,574
1596,137,157,294
2518,231,222,453
7075,5,2,7
7582,26,38,64
3668,112,89,201
8329,56,70,126
188,141,107,248
5006,98,110,208
8022,101,123,224
2446,92,118,210
1464,459,405,864
7754,158,164,322
7963,1,13,14
8762,0,0,0
7031,0,0,0
5177,98,104,202
343,424,449,873
6393,8,6,14
168,369,392,761
6511,13,4,17
3968,142,137,279
2801,67,80,147
7533,113,106,219
6755,16,32,48
560,81,52,133
3034,96,93,189
4391,34,50,84
2769,120,111,231
1288,259,280,539
2993,73,72,145
703,382,351,733
1656,96,100,196
1587,684,684,1368
4986,231,228,459
391,60,39,99
726,105,105,210
8597,0,2,2
6413,14,22,36
1631,192,192,384
4037,304,293,597
5131,62,71,133
908,347,332,679
4697,28,28,56
5001,26,19,45
2745,92,94,186
7320,2,5,7
1599,269,256,525
4297,7,7,14
1293,297,319,616
5716,2,5,7
2343,140,168,308
4140,238,251,489
5568,137,136,273
5796,111,127,238
4694,33,44,77
6130,30,47,77
1458,132,119,251
535,51,81,132
5652,6,15,21
1952,638,622,1260
3168,74,64,138
2579,16,19,35
5857,150,144,294
6042,29,41,70
2032,75,114,189
2043,175,175,350
705,338,283,621
8816,0,0,0
3171,157,151,308
578,38,29,67
4613,185,207,392
3318,9,3,12
4609,4,3,7
4385,82,79,161
3431,0,0,0
5958,31,31,62
5731,8,6,14
572,386,548,934
1170,188,190,378
4191,24,32,56
1595,125,134,259
759,69,108,177
4667,7,7,14
1906,58,49,107
6177,4,10,14
5613,199,179,378
7572,93,103,196
4872,17,18,35
7319,3,11,14
2897,119,105,224
8212,7,14,21
4745,52,35,87
4837,232,230,462
6066,27,24,51
4869,140,138,278
8415,24,32,56
5313,86,75,161
872,141,152,293
4559,24,103,127
5903,219,198,417
358,314,311,625
3281,315,289,604
8191,26,27,53
5715,1,5,6
7583,38,50,88
3435,577,690,1267
1689,42,42,84
8582,4,3,7
1683,80,96,176
2388,83,78,161
8694,39,58,97
2668,414,407,821
6905,125,124,249
4691,54,58,112
5148,5,16,21
1658,0,1,1
6957,0,0,0
4857,224,207,431
6089,21,21,42
7118,4,3,7
2084,527,533,1060
6396,35,63,98
8698,16,31,47
3871,138,128,266
4394,149,154,303
6687,3,4,7
6094,20,15,35
2645,138,128,266
7563,80,74,154
1493,173,205,378
754,159,177,336
7002,0,0,0
4149,200,205,405
6076,17,26,43
6595,109,100,209
3782,211,177,388
4736,55,50,105
1062,71,69,140
2268,109,157,266
7918,0,0,0
3425,36,20,56
1565,5,10,15
4300,216,198,414
3372,101,144,245
1086,12,18,30
5345,8,6,14
5517,50,38,88
1934,6,9,15
7623,79,82,161
1502,97,92,189
2102,143,144,287
5432,10,18,28
7819,173,195,368
5320,92,88,180
4749,15,20,35
1919,3,3,6
1697,626,624,1250
4801,6,8,14
853,117,114,231
2109,16,50,66
2478,59,109,168
7357,54,65,119
2807,74,87,161
1396,36,41,77
47,674,675,1349
4124,131,100,231
1078,30,47,77
1692,211,181,392
6866,18,24,42
3272,493,483,976
1773,449,414,863
6507,109,95,204
4105,57,77,134
3216,287,270,557
6027,11,10,21
3576,127,139,266
1745,83,92,175
4527,79,76,155
6701,20,29,49
2257,20,30,50
7974,0,1,1
7464,112,115,227
7288,0,0,0
8518,0,0,0
6211,4,3,7
5710,293,300,593
6462,31,31,62
3885,253,237,490
7286,0,0,0
5583,121,106,227
8215,126,87,213
7849,0,0,0
603,95,115,210
1093,54,72,126
2893,119,104,223
4083,102,101,203
4620,276,183,459
567,74,74,148
5674,39,31,70
4491,6,9,15
2443,225,188,413
3486,287,329,616
3758,26,54,80
7489,43,37,80
8435,13,15,28
6666,58,55,113
5496,77,84,161
1209,382,345,727
3219,70,63,133
3093,127,114,241
147,195,145,340
8247,86,68,154
846,84,81,165
6571,134,153,287
1488,188,189,377
812,95,98,193
2264,52,53,105
5223,87,84,171
2396,137,129,266
5407,116,120,236
7073,8,6,14
2134,50,43,93
7130,0,0,0
3690,250,250,500
2383,45,40,85
1525,186,192,378
3542,298,284,582
14,821,808,1629
8252,106,91,197
3098,88,101,189
5922,5,9,14
8318,66,92,158
2146,11,10,21
1973,90,88,178
2784,82,107,189
585,36,34,70
5782,74,80,154
3418,266,252,518
7482,15,17,32
4417,124,145,269
7947,0,0,0
8374,67,80,147
1125,85,81,166
5405,3,4,7
3048,80,74,154
6039,17,17,34
3784,240,271,511
2011,137,129,266
8461,18,31,49
3446,37,47,84
2344,228,220,448
3288,99,146,245
5103,42,24,66
8083,55,50,105
8828,0,0,0
5643,346,340,686
2072,129,123,252
2609,126,112,238
8058,161,142,303
2426,91,82,173
3525,126,145,271
4411,101,95,196
3491,12,16,28
7729,86,74,160
4511,184,191,375
6776,7,7,14
3404,53,66,119
7128,0,0,0
3774,166,153,319
3565,15,6,21
5996,8,13,21
7681,9,22,31
1935,42,42,84
7057,5,2,7
4126,548,545,1093
4638,54,65,119
7298,0,0,0
1900,75,79,154
3544,163,154,317
7955,0,0,0
4501,241,239,480
3433,6,6,12
8048,5,9,14
4473,137,129,266
8382,73,81,154
1554,13,36,49
4605,13,22,35
8545,18,31,49
7840,0,0,0
2512,68,72,140
5206,10,53,63
847,164,172,336
4269,145,255,400
6724,8,6,14
8066,65,54,119
4779,14,21,35
7140,6,2,8
6127,11,10,21
7180,7,7,14
911,274,282,556
3175,374,312,686
1796,60,87,147
7135,4,3,7
6280,166,198,364
3498,294,368,662
6109,2,5,7
6719,19,23,42
7207,0,0,0
9,547,449,996
1963,7,7,14
1074,10,4,14
308,116,99,215
7950,0,0,0
6985,0,0,0
116,319,306,625
7685,3,9,12
1123,188,204,392
1476,290,256,546
3582,167,199,366
435,164,174,338
1953,461,434,895
3961,174,225,399
4743,6,8,14
7842,0,0,0
3854,654,582,1236
4793,3,5,8
7143,2,7,9
8007,120,104,224
2056,115,122,237
4543,31,95,126
4253,137,127,264
8224,88,86,174
3648,340,322,662
1503,172,164,336
4530,94,81,175
2828,84,77,161
2812,86,82,168
7595,16,16,32
3765,7,5,12
6116,12,16,28
3400,3,4,7
3037,85,65,150
8052,4,8,12
3379,225,364,589
4976,135,117,252
6703,22,48,70
419,531,557,1088
7362,32,39,71
2419,5,9,14
7577,33,47,80
4361,326,347,673
6500,57,53,110
16,595,599,1194
824,269,257,526
2003,99,104,203
6803,45,67,112
2105,163,159,322
4839,137,122,259
6771,81,73,154
5945,6,8,14
8056,2,5,7
6382,53,62,115
6732,0,0,0
6873,6,11,17
3998,176,202,378
5662,32,109,141
1391,39,62,101
5234,21,28,49
6526,12,9,21
5147,3,4,7
903,186,159,345
3,72,28,100
2276,148,160,308
1376,153,199,352
1119,232,214,446
5150,3,4,7
4917,0,25,25
141,225,202,427
7190,5,7,12
532,48,78,126
3834,616,660,1276
3472,1,21,22
2753,198,180,378
6846,39,46,85
350,237,205,442
2018,108,107,215
4508,66,76,142
1636,5,5,10
8406,4,3,7
1970,12,16,28
115,185,172,357
6032,8,13,21
1792,28,25,53
6476,145,134,279
28,338,224,562
6770,75,72,147
7468,47,57,104
8123,137,132,269
2226,47,58,105
2846,200,174,374
2090,56,51,107
2162,209,204,413
7922,0,0,0
1659,0,2,2
2112,24,34,58
2760,207,206,413
6653,43,50,93
1633,127,139,266
5620,275,254,529
6339,66,81,147
1455,116,108,224
146,360,321,681
5017,10,18,28
4259,87,92,179
7089,3,4,7
6533,8,13,21
5848,142,136,278
1362,106,134,240
1215,638,625,1263
3560,300,302,602
982,177,142,319
6206,8,13,21
5931,3,4,7
6747,7,8,15
2922,182,173,355
8470,10,4,14
6255,10,18,28
8429,44,54,98
5480,91,79,170
3222,516,538,1054
1300,322,317,639
8778,5,3,8
6287,0,1,1
7746,32,31,63
7727,35,45,80
35,711,717,1428
5438,320,303,623
8286,68,52,120
7592,49,63,112
5202,540,491,1031
8520,11,10,21
1821,30,45,75
1257,78,62,140
7065,3,4,7
997,351,312,663
3907,534,519,1053
165,164,136,300
5993,64,62,126
3833,822,757,1579
5933,37,47,84
2258,9,12,21
4675,76,85,161
6646,11,17,28
2930,21,35,56
7382,68,90,158
819,135,159,294
237,58,40,98
573,300,345,645
2673,277,227,504
4404,131,107,238
1725,38,39,77
7523,52,52,104
7788,22,34,56
798,146,134,280
8385,58,61,119
2641,98,98,196
3198,27,44,71
3898,330,342,672
1291,193,188,381
170,100,81,181
7958,6,11,17
1346,407,417,824
8447,0,0,0
6180,10,4,14
7923,6,8,14
448,82,107,189
5833,69,85,154
5525,68,72,140
2482,15,24,39
5370,411,410,821
3711,327,323,650
5907,219,229,448
4236,40,43,83
4963,197,216,413
8344,63,65,128
6034,53,72,125
1846,104,141,245
2991,90,88,178
2139,201,187,388
7704,71,69,140
8578,4,3,7
3357,50,55,105
6708,11,10,21
747,78,111,189
864,209,188,397
8046,36,41,77
4424,39,38,77
2701,24,18,42
2793,50,74,124
5138,220,221,441
3102,187,204,391
3692,242,214,456
985,464,455,919
5804,9,17,26
2151,79,63,142
8320,24,19,43
2852,51,96,147
5155,15,45,60
8583,0,7,7
6495,67,73,140
2687,24,32,56
2888,72,75,147
4716,0,0,0
508,46,52,98
3402,233,308,541
4214,11,10,21
7307,2,5,7
7264,3,4,7
2839,86,68,154
3117,154,141,295
7891,6,8,14
8799,8,6,14
512,54,74,128
667,122,101,223
5367,188,150,338
300,91,77,168
2002,124,121,245
3347,276,286,562
1299,150,107,257
5764,179,199,378
5771,55,51,106
5446,31,39,70
5777,78,113,191
7374,10,11,21
7787,27,45,72
8335,60,74,134
354,222,253,475
4747,13,13,26
4340,123,129,252
5786,197,222,419
2293,204,174,378
2314,7,7,14
6040,18,18,36
7851,0,0,0
3890,356,375,731
7853,0,0,0
311,260,260,520
4509,18,38,56
1875,153,148,301
3738,500,426,926
6938,0,0,0
5239,79,90,169
6574,101,116,217
3501,172,171,343
7255,7,7,14
1128,88,94,182
2699,65,80,145
79,162,134,296
473,73,67,140
1355,63,86,149
7551,53,59,112
8227,67,51,118
6230,8,2,10
8522,2,5,7
4035,189,170,359
6738,0,1,1
2046,104,127,231
8091,78,91,169
2583,69,71,140
3905,192,152,344
1613,144,141,285
4317,82,87,169
6611,146,129,275
1136,591,286,877
6161,14,28,42
3652,292,318,610
588,29,62,91
4233,141,112,253
1171,183,180,363
6870,35,42,77
1741,216,186,402
4586,6,8,14
5417,298,318,616
8114,4,3,7
4141,11,10,21
4374,33,44,77
4443,99,97,196
7870,10,11,21
7743,73,67,140
3213,217,224,441
6074,0,1,1
4877,81,73,154
7403,37,65,102
467,53,43,96
2934,8,20,28
5573,107,96,203
2948,201,181,382
8844,0,0,0
8160,92,105,197
2431,79,82,161
5167,54,70,124
1168,245,238,483
2995,177,173,350
1015,765,788,1553
6992,0,0,0
7384,57,62,119
2778,259,233,492
4662,20,29,49
7621,143,137,280
2001,235,276,511
7884,0,0,0
4728,0,7,7
2005,109,112,221
2052,208,233,441
8685,17,30,47
7147,0,0,0
8104,3,23,26
2986,10,4,14
8238,145,139,284
6947,0,0,0
3976,110,123,233
8460,13,8,21
4993,385,418,803
6685,4,3,7
213,155,145,300
7504,151,153,304
2413,84,84,168
235,171,153,324
6036,48,51,99
257,193,176,369
5474,9,12,21
2197,141,144,285
8504,15,19,34
6527,4,10,14
6091,36,47,83
5435,165,148,313
2698,42,42,84
3623,374,366,740
2560,196,190,386
8476,51,54,105
1047,166,198,364
5501,174,225,399
3499,172,195,367
6557,48,35,83
3869,166,163,329
1430,92,97,189
295,230,231,461
7530,136,130,266
7043,9,12,21
8254,64,62,126
6388,121,162,283
2190,195,245,440
8394,52,67,119
4413,4,3,7
668,144,119,263
7186,6,8,14
2225,113,122,235
3551,230,194,424
2012,380,362,742
5385,98,105,203
1812,144,158,302
5571,278,283,561
3577,176,188,364
7161,3,4,7
1737,32,31,63
157,142,131,273
1173,193,190,383
7590,31,41,72
7562,15,33,48
3966,271,325,596
6660,126,122,248
2526,161,175,336
7420,37,59,96
758,92,88,180
1541,38,39,77
2953,177,168,345
6853,13,22,35
3058,76,78,154
2985,145,159,304
731,74,92,166
1041,150,158,308
7381,29,39,68
545,47,104,151
2535,129,102,231
5661,10,15,25
2099,136,137,273
6266,112,109,221
2000,230,225,455
5943,23,28,51
3338,13,7,20
5100,214,213,427
6335,9,5,14
3858,771,528,1299
3820,185,180,365
2386,115,136,251
7793,56,66,122
5926,67,59,126
1944,102,110,212
1984,136,175,311
3197,92,95,187
557,43,46,89
4206,84,61,145
1921,14,14,28
3571,242,241,483
8060,110,107,217
4935,102,129,231
8725,24,25,49
156,212,188,400
8793,0,0,0
1886,188,162,350
3205,429,501,930
623,71,62,133
1538,54,51,105
1384,96,112,208
5039,3,4,7
288,190,170,360
4896,93,132,225
4663,18,24,42
2143,15,21,36
2222,51,55,106
7785,10,14,24
8606,9,12,21
8170,30,33,63
8045,5,9,14
4313,147,148,295
5511,52,46,98
1629,99,106,205
6481,143,130,273
6875,33,51,84
7409,112,118,230
5140,218,221,439
1861,155,163,318
4790,2,5,7
133,114,89,203
1881,235,220,455
2119,163,159,322
6448,90,99,189
8745,2,5,7
3313,186,206,392
1514,138,156,294
6033,5,2,7
7112,0,0,0
1365,188,217,405
6584,94,95,189
692,202,201,403
7698,74,79,153
382,51,40,91
3080,271,248,519
1841,14,28,42
4163,79,68,147
3419,272,218,490
4825,232,218,450
990,544,581,1125
1772,611,593,1204
3781,216,234,450
530,34,36,70
2766,210,198,408
7723,30,34,64
3631,228,207,435
4588,5,9,14
3567,484,518,1002
4729,3,4,7
8584,0,0,0
4730,0,1,1
7342,0,0,0
3190,215,205,420
8628,57,57,114
3696,311,304,615
2463,417,402,819
5704,64,102,166
8809,9,12,21
2956,93,102,195
4913,654,232,886
582,46,87,133
1589,72,75,147
8808,3,4,7
8751,28,36,64
6750,6,8,14
6482,148,125,273
1082,117,124,241
6946,0,0,0
3368,377,418,795
7848,0,0,0
8362,24,39,63
3981,119,133,252
5460,0,2,2
647,175,132,307
7250,0,0,0
2595,98,89,187
7861,0,0,0
8707,13,19,32
1628,49,55,104
2540,65,39,104
4856,91,110,201
1964,17,25,42
1023,561,352,913
6900,149,116,265
5586,224,193,417
4951,24,18,42
3558,387,478,865
7189,7,7,14
8171,51,68,119
4285,11,10,21
789,110,119,229
4240,431,213,644
6096,45,45,90
1855,94,102,196
6290,10,18,28
2499,67,80,147
1113,167,204,371
932,343,324,667
5430,181,156,337
2885,194,200,394
209,103,77,180
4690,24,32,56
8383,9,12,21
3488,99,139,238
761,53,59,112
5062,134,138,272
2773,162,131,293
2306,365,343,708
756,127,133,260
1684,123,129,252
1941,25,17,42
1052,68,72,140
3063,4,3,7
240,96,79,175
6547,20,29,49
669,417,408,825
4910,373,335,708
4435,4,17,21
7942,9,5,14
771,195,190,385
8377,91,104,195
3590,181,183,364
5179,128,131,259
8230,91,80,171
994,271,212,483
6700,26,21,47
8527,4,3,7
8371,45,53,98
74,162,108,270
6468,33,23,56
6417,2,1,3
6111,1,6,7
5112,77,84,161
6761,48,80,128
6982,0,0,0
3806,135,135,270
740,219,233,452
2880,147,156,303
5352,6,8,14
4515,32,17,49
3004,105,112,217
6671,114,116,230
5672,41,33,74
1824,24,32,56
8102,37,40,77
1754,198,215,413
6263,45,34,79
2350,184,187,371
7547,20,28,48
5683,78,69,147
2328,114,152,266
4971,130,126,256
5028,97,92,189
1714,25,14,39
1651,9,12,21
1739,93,96,189
2875,75,93,168
6617,14,20,34
4231,237,253,490
2987,61,65,126
4419,60,66,126
4272,9,12,21
2234,69,62,131
4406,52,53,105
707,106,84,190
2582,117,132,249
5721,132,106,238
5739,128,118,246
4456,4,3,7
8782,0,0,0
6753,26,58,84
6952,0,0,0
2256,15,11,26
8189,61,79,140
5291,90,106,196
2129,15,25,40
4637,222,201,423
5280,30,33,63
671,358,340,698
5046,49,74,123
1302,233,229,462
5018,34,44,78
3407,90,120,210
2458,510,480,990
1337,100,124,224
1019,490,490,980
2503,80,74,154
6792,19,16,35
3104,133,154,287
3443,101,196,297
8563,12,16,28
5368,277,274,551
1828,90,106,196
3837,713,711,1424
1452,175,160,335
8830,0,0,0
5088,10,4,14
3154,131,141,272
5306,457,433,890
5598,258,258,516
7417,96,122,218
7181,7,7,14
4846,103,107,210
1135,202,225,427
6247,5,2,7
2061,14,21,35
7713,44,68,112
4848,186,181,367
5594,69,67,136
7728,0,0,0
4320,159,133,292
6349,146,136,282
4960,106,125,231
617,82,56,138
1076,439,404,843
4242,202,218,420
2245,172,142,314
4386,105,90,195
975,357,345,702
5735,66,53,119
7676,77,77,154
5261,10,12,22
5605,139,120,259
8428,4,4,8
7980,4,3,7
7116,0,0,0
7925,0,0,0
6381,43,76,119
2611,154,153,307
4765,7,7,14
6463,33,34,67
4563,25,24,49
2432,73,95,168
1642,58,55,113
1930,112,105,217
5663,35,63,98
8659,31,27,58
362,49,49,98
988,964,929,1893
4045,451,449,900
6791,70,77,147
5982,9,12,21
2384,112,125,237
3169,256,242,498
736,107,166,273
960,320,303,623
6256,84,112,196
6420,19,23,42
830,192,193,385
4180,96,83,179
3199,35,49,84
912,192,179,371
50,123,90,213
8208,4,3,7
7813,113,103,216
7346,41,51,92
507,77,98,175
8291,99,103,202
5518,123,124,247
3660,143,151,294
2305,104,106,210
7831,71,111,182
5995,14,22,36
765,298,322,620
2567,260,221,481
7693,47,48,95
5539,147,140,287
6026,13,15,28
1765,223,211,434
8131,97,92,189
7553,118,102,220
7970,1,0,1
6683,12,44,56
8788,3,2,5
8054,3,4,7
8845,0,0,0
7802,14,18,32
2530,143,135,278
3975,210,222,432
2982,127,95,222
4665,6,8,14
1805,136,165,301
8003,178,161,339
4968,88,82,170
8159,24,18,42
3067,100,88,188
8105,0,0,0
7156,3,4,7
8593,8,4,12
7341,0,0,0
5176,115,116,231
410,341,422,763
8838,17,7,24
1344,61,84,145
2597,128,124,252
5547,271,256,527
1063,190,175,365
4006,147,154,301
2797,65,82,147
5752,115,121,236
1021,545,567,1112
3867,301,278,579
7430,61,52,113
114,314,260,574
2083,559,560,1119
3632,260,250,510
5004,126,140,266
5208,25,37,62
6220,4,9,13
1338,68,82,150
5541,174,179,353
8744,4,15,19
4188,234,185,419
3813,179,157,336
8133,136,145,281
8667,26,30,56
7541,23,48,71
770,70,58,128
470,278,295,573
7273,0,0,0
3819,161,161,322
2269,109,115,224
3528,164,186,350
8216,157,142,299
5867,249,220,469
1965,18,24,42
3768,36,34,70
959,180,158,338
4050,343,329,672
1967,9,8,17
385,94,123,217
5032,296,268,564
3796,228,283,511
2104,186,164,350
2976,156,135,291
5938,72,41,113
4861,244,271,515
334,148,137,285
867,231,222,453
3566,183,195,378
6558,58,48,106
7569,40,48,88
3642,101,88,189
7304,2,2,4
2791,68,71,139
2816,54,58,112
1370,262,308,570
2997,124,134,258
6568,21,21,42
2441,95,78,173
4990,228,192,420
958,261,237,498
6600,128,139,267
5537,140,140,280
1679,6,8,14
4930,10,4,14
3452,91,91,182
7639,10,14,24
5181,209,218,427
7596,74,80,154
2820,110,107,217
7608,17,15,32
5157,20,36,56
7387,125,126,251
1515,155,158,313
2033,194,213,407
479,85,90,175
3430,6,8,14
2648,109,94,203
6208,4,3,7
4590,33,62,95
3206,122,162,284
6707,8,6,14
494,353,411,764
7654,42,46,88
6183,13,22,35
7444,7,7,14
4250,138,141,279
4720,2,5,7
5104,5,9,14
2981,104,123,227
1122,166,184,350
4528,81,90,171
3302,99,132,231
5723,21,10,31
7567,33,63,96
8033,23,27,50
7442,40,56,96
6743,4,3,7
6001,42,67,109
5023,171,193,364
7170,0,0,0
8737,0,0,0
8073,59,44,103
2955,9,5,14
854,109,130,239
693,212,196,408
4111,35,32,67
5377,24,31,55
547,88,86,174
2913,285,234,519
2045,221,242,463
625,18,10,28
8739,0,0,0
4219,203,205,408
5154,31,40,71
1730,55,50,105
4201,192,192,384
81,163,127,290
4940,26,52,78
52,317,282,599
4751,40,44,84
2814,58,61,119
3550,251,183,434
3201,173,164,337
339,147,139,286
4632,11,3,14
1343,46,69,115
7520,141,146,287
1279,171,155,326
7232,0,1,1
2095,89,100,189
2510,77,70,147
4488,2,12,14
3464,132,197,329
2688,2,4,6
1444,90,99,189
6285,4,3,7
5853,196,193,389
3593,355,359,714
8357,54,51,105
7345,72,93,165
1971,37,47,84
4332,168,176,344
2390,165,192,357
283,112,98,210
5852,188,196,384
7177,0,0,0
5685,26,30,56
6562,22,14,36
873,174,190,364
7989,9,14,23
108,217,171,388
6308,58,61,119
1544,605,593,1198
3160,5,10,15
4576,82,101,183
6156,0,1,1
2086,675,490,1165
5252,68,72,140
3276,318,347,665
6553,19,21,40
6153,8,4,12
1251,75,72,147
5493,57,35,92
2187,30,43,73
6067,27,22,49
6168,18,20,38
134,268,200,468
5601,233,208,441
3196,89,84,173
1505,375,359,734
6051,14,8,22
6377,52,75,127
4239,343,328,671
5081,7,7,14
2908,302,294,596
495,361,500,861
3018,113,125,238
2179,65,75,140
1497,262,256,518
2141,20,33,53
2660,73,74,147
378,69,22,91
2030,71,69,140
433,101,106,207
5369,132,124,256
7671,7,9,16
4466,34,28,62
2327,57,69,126
1576,94,98,192
272,103,100,203
4228,14,35,49
682,46,55,101
90,188,125,313
7340,0,0,0
4604,72,47,119
6199,4,3,7
2368,23,33,56
3374,25,37,62
5059,39,32,71
6126,21,33,54
6525,7,14,21
3492,161,168,329
1527,67,66,133
5856,220,244,464
3218,343,333,676
3123,364,384,748
8039,11,14,25
7266,1,6,7
3988,416,470,886
6212,6,1,7
7293,0,0,0
1918,321,285,606
5049,78,90,168
1210,405,385,790
7270,0,2,2
5800,7,14,21
8440,0,0,0
8641,28,28,56
5532,151,179,330
8310,76,60,136
2309,462,435,897
413,273,243,516
4023,295,295,590
6805,50,55,105
2346,141,132,273
5273,10,11,21
1205,445,465,910
618,104,123,227
1989,116,122,238
7014,7,4,11
7422,111,143,254
5068,227,214,441
970,325,307,632
2070,60,59,119
3245,165,112,277
8138,94,109,203
6369,114,118,232
2751,120,103,223
7655,48,64,112
6785,8,6,14
3743,447,495,942
4715,10,4,14
6532,9,33,42
2381,78,111,189
6734,5,9,14
8706,26,70,96
7069,0,0,0
3195,661,598,1259
3378,365,411,776
3348,265,309,574
7965,0,0,0
950,350,351,701
773,268,239,507
1162,222,198,420
6865,16,12,28
4867,46,80,126
3850,782,764,1546
1324,48,57,105
6387,81,108,189
3656,289,265,554
1110,134,151,285
2414,209,203,412
2538,189,173,362
3644,200,176,376
1836,213,221,434
589,35,64,99
5307,553,543,1096
1800,37,61,98
1835,211,188,399
6200,36,27,63
5519,138,163,301
4484,18,24,42
97,199,177,376
5395,9,5,14
7763,59,67,126
4418,107,117,224
8581,5,2,7
3845,571,367,938
1691,115,130,245
2767,181,185,366
8676,46,50,96
4173,155,135,290
675,306,322,628
7049,8,6,14
2152,197,216,413
863,351,342,693
7835,0,0,0
635,145,117,262
1616,5,9,14
3863,258,239,497
752,146,148,294
69,282,260,542
7971,0,0,0
4836,7,7,14
2062,23,24,47
8109,0,1,1
7173,0,0,0
8177,40,65,105
1043,24,27,51
6914,0,0,0
4397,17,25,42
3353,158,236,394
3881,526,498,1024
6249,18,31,49
3747,547,598,1145
1038,56,70,126
7064,0,0,0
5778,30,55,85
1715,3,11,14
8575,7,14,21
3334,18,36,54
744,189,169,358
1611,85,97,182
3172,196,153,349
4708,17,25,42
1614,15,24,39
2489,43,61,104
4764,5,9,14
4345,123,136,259
851,181,180,361
7726,65,82,147
3233,10,3,13
6049,0,7,7
4158,18,17,35
7701,31,41,72
7664,87,81,168
2369,15,13,28
7833,107,117,224
6121,0,0,0
7413,59,74,133
8391,30,40,70
6861,60,57,117
3131,15,13,28
1263,103,105,208
2340,96,107,203
7503,0,0,0
8409,5,23,28
5904,198,206,404
4948,59,92,151
8444,3,4,7
3300,376,382,758
3215,185,185,370
7883,0,0,0
8270,94,96,190
3150,156,180,336
1204,442,402,844
1898,50,55,105
6784,21,21,42
2971,107,92,199
6160,5,2,7
3081,1187,247,1434
6075,10,11,21
253,54,44,98
1114,209,265,474
87,81,52,133
6373,57,27,84
7329,7,7,14
2719,42,42,84
534,156,242,398
7035,0,0,0
5433,19,12,31
1594,144,160,304
6885,15,20,35
2647,118,128,246
3620,90,79,169
6360,18,17,35
6210,6,8,14
6246,0,2,2
8093,7,7,14
5984,46,69,115
1938,44,45,89
3322,81,81,162
465,42,74,116
3902,437,452,889
6288,92,90,182
1000,643,654,1297
6609,113,96,209
6613,0,0,0
3635,351,335,686
790,108,123,231
564,170,186,356
3367,164,150,314
5524,70,81,151
3141,104,66,170
1750,276,257,533
2016,8,13,21
2457,244,194,438
6315,170,109,279
5614,198,160,358
6252,63,70,133
6813,58,47,105
357,133,105,238
2036,161,161,322
5465,107,111,218
2462,472,455,927
2635,64,70,134
3030,46,53,99
5885,39,31,70
3109,47,37,84
8222,75,59,134
7253,0,0,0
4748,7,7,14
762,250,255,505
1814,212,207,419
4644,136,112,248
5329,144,115,259
1779,100,138,238
4999,15,21,36
1424,114,124,238
6451,109,101,210
305,333,353,686
2624,26,44,70
6970,0,0,0
5330,496,444,940
6188,17,18,35
5056,87,96,183
37,487,400,887
4279,163,149,312
5442,161,202,363
6406,4,10,14
2853,58,89,147
2521,72,67,139
654,104,99,203
78,68,37,105
4668,34,57,91
2303,143,109,252
5888,214,227,441
4826,324,286,610
7738,83,85,168
2996,116,136,252
7077,2,12,14
3436,7,7,14
1146,174,189,363
1199,393,352,745
4525,85,84,169
619,328,336,664
7267,0,0,0
5488,81,82,163
6563,17,18,35
3105,166,140,306
1252,155,163,318
2707,105,115,220
8692,30,51,81
8514,5,6,11
8510,10,11,21
7629,59,67,126
5754,150,158,308
892,233,259,492
3028,88,94,182
7386,73,81,154
4777,8,6,14
4369,160,222,382
62,234,222,456
2500,59,67,126
6997,0,0,0
8742,9,5,14
1807,113,104,217
5475,35,40,75
3579,289,286,575
5353,5,9,14
786,196,196,392
4204,0,0,0
540,60,94,154
8111,0,0,0
2329,115,137,252
4390,9,8,17
5700,1,6,7
8199,22,28,50
4587,0,0,0
2088,17,32,49
3283,348,324,672
4979,73,67,140
4818,17,32,49
4409,61,73,134
8,263,219,482
1156,191,189,380
3350,0,0,0
185,115,88,203
6984,0,0,0
5043,12,32,44
2945,43,35,78
8412,41,90,131
8016,74,80,154
509,274,351,625
5976,82,65,147
7876,7,4,11
2158,147,160,307
5769,166,180,346
6802,31,33,64
4649,20,29,49
8396,41,40,81
6334,11,10,21
2360,44,19,63
8705,20,39,59
1816,268,257,525
2014,174,158,332
777,188,191,379
6887,8,6,14
4220,168,173,341
4270,170,244,414
8400,26,50,76
6772,88,73,161
6546,39,52,91
7421,8,8,16
1889,11,17,28
277,165,171,336
7845,0,0,0
397,212,212,424
2322,38,53,91
8508,10,12,22
604,253,572,825
1419,60,87,147
933,309,298,607
1509,234,211,445
7628,80,99,179
1367,246,271,517
5961,14,5,19
926,154,147,301
5324,13,20,33
5491,37,29,66
732,30,33,63
8149,38,35,73
279,109,108,217
5461,0,1,1
3448,21,23,44
7529,52,67,119
1877,192,186,378
7262,2,5,7
1849,78,69,147
1393,241,272,513
3777,235,260,495
8276,90,89,179
4468,24,20,44
4927,2,5,7
6222,5,9,14
4666,3,4,7
878,234,235,469
720,135,153,288
3078,147,147,294
7174,0,0,0
4229,59,66,125
5531,191,202,393
8061,96,94,190
4664,3,4,7
6591,77,77,154
8333,47,56,103
5695,69,85,154
5217,145,156,301
7338,0,0,0
5348,1,13,14
2492,43,48,91
3101,23,19,42
458,48,64,112
1172,107,96,203
652,318,293,611
838,151,150,301
3371,8,13,21
2569,238,211,449
5456,113,104,217
4900,27,30,57
322,133,140,273
5859,150,134,284
5052,26,21,47
5269,7,9,16
4093,16,19,35
5927,6,8,14
1819,16,20,36
804,147,205,352
7011,0,0,0
5036,7,7,14
8754,24,21,45
8714,5,3,8
1445,203,203,406
6045,7,4,11
2228,117,121,238
8194,36,48,84
347,152,92,244
5827,198,193,391
8043,7,9,16
5164,39,52,91
3877,302,315,617
1675,13,36,49
2838,103,100,203
7085,3,4,7
5357,23,26,49
1826,166,233,399
5630,260,203,463
6429,62,78,140
2438,115,102,217
4169,216,212,428
2495,71,84,155
4174,114,67,181
4268,69,134,203
5633,227,207,434
8738,0,0,0
2243,141,125,266
7145,0,0,0
6649,24,32,56
1330,28,39,67
7484,15,25,40
4973,137,129,266
1858,130,141,271
8245,44,43,87
1016,533,527,1060
2161,127,128,255
5757,124,128,252
5718,47,51,98
7006,0,0,0
6134,23,33,56
6141,5,7,12
5935,2,7,9
5372,2,8,10
1573,7,7,14
1482,278,275,553
6110,5,6,11
6009,80,88,168
6264,165,146,311
3035,79,79,158
3993,358,416,774
1481,269,259,528
4980,332,361,693
8359,33,32,65
138,288,275,563
2608,129,130,259
946,315,300,615
741,6,15,21
2747,185,181,366
4701,155,210,365
781,110,146,256
1643,82,83,165
3618,212,225,437
2231,90,120,210
1707,594,608,1202
2606,136,121,257
3006,52,39,91
4987,260,230,490
88,61,44,105
4033,286,262,548
5784,105,98,203
8829,0,0,0
8074,98,105,203
8840,0,0,0
8085,20,29,49
6025,30,40,70
8557,15,6,21
4429,149,145,294
4438,277,243,520
474,239,272,511
5419,147,132,279
7020,2,5,7
8482,3,4,7
469,112,98,210
3408,52,39,91
5449,6,8,14
2842,146,141,287
1055,133,137,270
6670,98,112,210
7233,0,4,4
1825,80,123,203
404,77,97,174
3417,274,231,505
6065,32,44,76
1771,446,446,892
5510,92,102,194
2473,14,28,42
1327,52,59,111
2574,10,22,32
519,351,404,755
3895,385,410,795
2914,183,183,366
1794,7,11,18
4947,17,25,42
7507,48,56,104
6925,0,0,0
3189,260,279,539
1894,27,43,70
7348,40,40,80
6215,12,9,21
566,31,35,66
3088,68,65,133
7169,4,10,14
8807,2,5,7
2402,186,170,356
3760,23,42,65
6777,10,11,21
4573,76,78,154
7000,0,0,0
5693,31,32,63
2589,91,112,203
4009,420,425,845
7960,5,19,24
5950,11,17,28
7209,0,0,0
2565,150,137,287
2051,81,80,161
2886,60,45,105
1329,73,92,165
3520,141,154,295
4420,58,49,107
1196,579,606,1185
6169,17,19,36
6485,27,31,58
3969,279,309,588
3217,232,258,490
5098,181,192,373
2171,16,19,35
6107,4,3,7
884,243,227,470
6543,37,48,85
8021,80,102,182
4718,2,5,7
7919,0,0,0
7534,17,23,40
956,754,696,1450
8307,111,106,217
7604,54,64,118
233,199,166,365
7855,17,18,35
6385,159,177,336
5498,39,29,68
6863,8,13,21
3989,324,347,671
1025,753,809,1562
6401,97,92,189
5026,164,157,321
2479,10,11,21
7502,83,105,188
591,34,36,70
6639,125,141,266
8710,12,28,40
715,18,38,56
937,140,119,259
6767,59,60,119
4776,5,2,7
5905,209,208,417
6282,45,27,72
8248,112,126,238
2859,31,40,71
7555,129,116,245
452,122,166,288
22,438,308,746
7635,77,101,178
8649,29,40,69
5235,36,35,71
4119,76,57,133
2246,168,155,323
2858,54,80,134
6058,41,47,88
5774,306,309,615
1561,52,88,140
6250,0,7,7
2247,186,164,350
7767,9,8,17
6113,15,13,28
4086,176,139,315
5416,226,214,440
5542,177,171,348
6366,118,127,245
2080,461,426,887
8364,82,94,176
6467,48,53,101
3421,58,67,125
8650,38,38,76
2706,79,96,175
6241,173,191,364
7646,5,11,16
369,138,107,245
2054,179,170,349
186,134,123,257
1345,76,101,177
8338,82,98,180
5259,14,14,28
6927,0,0,0
2879,99,97,196
2178,9,12,21
1238,178,179,357
2194,117,121,238
7365,5,3,8
313,501,489,990
4109,59,67,126
1523,17,25,42
8627,61,57,118
820,135,131,266
2427,112,98,210
2044,221,224,445
5919,39,34,73
517,145,177,322
2891,196,188,384
2614,136,121,257
3470,88,87,175
788,206,225,431
104,237,208,445
2454,12,23,35
2176,195,204,399
3875,224,189,413
3827,519,541,1060
2026,19,16,35
6479,140,154,294
8730,15,41,56
2868,89,92,181
3517,5,2,7
5603,279,284,563
1865,142,155,297
2542,137,142,279
6203,1,6,7
1551,210,232,442
4485,55,71,126
7216,3,4,7
6244,2,5,7
3868,214,201,415
5378,25,31,56
2486,72,103,175
4863,69,84,153
5221,218,220,438
109,472,473,945
2147,70,91,161
1489,54,58,112
1061,27,22,49
663,105,105,210
6891,8,6,14
821,96,97,193
6469,69,71,140
7042,12,9,21
2912,149,141,290
7274,0,0,0
6324,161,168,329
6937,0,0,0
4502,59,46,105
4619,280,247,527
548,102,132,234
1418,234,235,469
4164,249,220,469
7805,49,84,133
1848,43,55,98
8145,102,136,238
6800,10,15,25
2410,56,70,126
3187,58,52,110
2425,141,164,305
3209,216,236,452
5714,4,3,7
4337,1,6,7
4774,170,145,315
2979,73,68,141
4359,56,64,120
6698,19,30,49
4732,0,0,0
968,326,260,586
3358,76,64,140
4556,13,13,26
2507,91,87,178
1847,33,51,84
6539,10,11,21
363,411,407,818
2324,40,44,84
4737,8,7,15
6590,59,46,105
1380,282,282,564
717,100,117,217
4889,416,418,834
1885,283,257,540
8324,64,69,133
8588,0,0,0
2235,165,171,336
574,27,48,75
2415,39,17,56
4782,14,21,35
866,196,191,387
7469,4,4,8
5218,202,239,441
3252,381,361,742
6722,6,5,11
1006,440,424,864
1804,25,25,50
2007,94,86,180
225,244,269,513
4445,205,164,369
3075,266,273,539
6123,10,18,28
5277,52,60,112
323,74,65,139
1878,177,165,342
427,120,121,241
4727,2,5,7
4152,149,124,273
7419,17,38,55
2758,126,122,248
4190,0,0,0
3874,461,461,922
3135,157,160,317
8501,21,28,49
1914,132,120,252
7771,162,141,303
2238,112,126,238
6973,0,0,0
456,81,133,214
677,38,51,89
5429,162,114,276
7234,0,0,0
4731,0,0,0
3021,28,16,44
2532,180,191,371
3346,238,178,416
6435,15,17,32
633,226,195,421
8437,0,1,1
7540,41,47,88
1010,693,493,1186
3669,365,369,734
5200,159,135,294
7903,0,0,0
666,290,282,572
7227,8,17,25
6059,18,10,28
4257,153,151,304
6855,13,22,35
8678,22,25,47
336,208,160,368
7239,0,0,0
7220,8,12,20
599,32,92,124
5386,215,247,462
1066,182,167,349
6100,73,67,140
6756,33,100,133
8042,17,32,49
6083,6,15,21
3001,54,49,103
4625,3,5,8
510,83,118,201
5421,423,402,825
5863,220,221,441
7844,0,0,0
5756,169,157,326
453,141,160,301
4933,708,731,1439
5688,3,4,7
2359,3,4,7
4210,39,26,65
73,394,387,781
6945,0,0,0
6913,0,0,0
7732,93,96,189
6057,47,51,98
4301,0,0,0
192,81,48,129
1212,277,240,517
3143,20,7,27
190,280,266,546
7350,27,36,63
3121,1,6,7
1087,189,148,337
1342,24,35,59
8638,33,37,70
4755,9,5,14
6487,23,26,49
8658,32,28,60
7981,4,3,7
2475,95,121,216
3212,229,261,490
5342,4,3,7
543,35,47,82
538,108,164,272
1193,402,369,771
4875,115,129,244
7852,0,0,0
5413,73,97,170
5012,9,13,22
7291,0,0,0
4547,0,0,0
6953,0,0,0
6202,11,10,21
3260,31,53,84
5066,88,87,175
1979,27,23,50
3241,409,401,810
3413,80,72,152
7411,161,144,305
1781,152,185,337
7423,30,42,72
6022,16,14,30
3016,82,79,161
4761,16,34,50
7495,183,187,370
6822,16,19,35
3307,250,192,442
6941,0,0,0
7817,37,27,64
8767,22,17,39
4845,275,311,586
658,193,209,402
3337,14,34,48
4387,117,114,231
6799,30,33,63
4577,91,110,201
3156,113,97,210
3107,212,199,411
3480,8,12,20
3416,214,220,434
8611,4,3,7
3559,71,69,140
8195,50,94,144
3228,82,79,161
606,108,125,233
6262,24,25,49
6684,1,20,21
5569,139,134,273
7559,87,95,182
6774,3,3,6
68,373,350,723
3072,8,6,14
4685,22,27,49
3916,381,376,757
6726,43,55,98
5051,75,93,168
415,78,89,167
7376,125,129,254
3428,0,0,0
4689,46,41,87
7705,120,116,236
2837,91,77,168
7812,26,46,72
1039,216,230,446
1694,5,9,14
3928,47,72,119
429,157,179,336
3952,77,64,141
2198,123,122,245
8654,52,47,99
7219,9,12,21
1241,139,123,262
3360,59,39,98
5809,74,73,147
8130,73,60,133
3661,149,134,283
1221,82,86,168
1534,31,25,56
8821,6,2,8
3415,285,259,544
3592,181,179,360
3736,358,367,725
6648,44,40,84
3467,261,350,611
6294,105,98,203
7627,91,77,168
2113,98,125,223
7179,8,6,14
6668,42,36,78
4481,33,15,48
1107,96,117,213
2815,53,59,112
3824,260,186,446
5676,73,81,154
8498,16,19,35
1267,127,143,270
2363,27,36,63
6688,24,15,39
3115,326,276,602
5286,82,85,167
1115,122,136,258
7352,7,9,16
1270,255,258,513
3238,88,87,175
176,121,103,224
4678,62,57,119
100,138,114,252
2557,143,139,282
5699,0,3,3
1126,119,140,259
3060,2,6,8
4952,56,63,119
2450,22,20,42
2135,188,194,382
2034,117,128,245
3816,227,228,455
2019,8,6,14
4347,156,131,287
1369,66,103,169
3943,99,111,210
6286,2,3,5
3026,98,97,195
3181,785,497,1282
2792,24,32,56
6446,127,153,280
6125,30,33,63
3552,170,180,350
4746,11,10,21
728,277,303,580
445,51,54,105
3012,149,121,270
7454,4,12,16
1948,188,206,394
5980,6,1,7
5354,5,2,7
1018,683,725,1408
8662,53,51,104
7605,95,98,193
1723,52,73,125
2335,48,50,98
4316,110,159,269
576,175,173,348
4166,25,38,63
497,105,125,230
6023,4,3,7
4550,64,36,100
7498,115,109,224
2140,93,75,168
6258,151,130,281
1153,150,165,315
5736,21,21,42
1882,150,135,285
6974,0,0,0
6503,127,127,254
6317,9,5,14
1443,154,168,322
2964,189,182,371
8402,56,95,151
2889,102,101,203
4772,90,108,198
4713,13,15,28
7667,105,112,217
356,248,252,500
8474,10,7,17
2736,69,71,140
7269,0,0,0
6077,61,39,100
3812,176,171,347
3740,416,406,822
837,408,386,794
1564,27,33,60
7425,0,0,0
5942,8,12,20
5893,205,171,376
5034,284,248,532
6681,4,5,9
5740,38,54,92
4692,42,63,105
4959,149,133,282
6229,7,7,14
5188,113,116,229
6012,2,5,7
5439,5,9,14
2423,39,44,83
4932,250,222,472
2960,22,27,49
518,200,219,419
2342,143,151,294
1448,217,200,417
3077,378,357,735
738,206,212,418
3977,80,81,161
1142,121,117,238
4314,196,149,345
6618,12,9,21
7196,0,0,0
7589,157,179,336
5617,112,112,224
1002,678,683,1361
524,629,659,1288
7708,102,94,196
44,733,557,1290
6214,15,13,28
466,122,130,252
1957,571,566,1137
1223,116,161,277
1132,132,142,274
8711,24,24,48
2120,188,190,378
4433,3,23,26
4934,8,35,43
1467,277,302,579
8277,87,74,161
7124,0,0,0
1420,81,137,218
1315,253,272,525
7996,0,0,0
8559,8,13,21
5559,70,80,150
5041,10,7,17
5229,99,104,203
4866,265,222,487
1961,62,57,119
4344,37,51,88
3133,403,383,786
2663,21,20,41
7231,5,2,7
1680,15,6,21
4566,37,44,81
6426,31,53,84
8834,9,7,16
4892,191,180,371
6705,6,8,14
520,188,226,414
7862,0,0,0
2811,95,86,181
1414,8,8,16
1434,30,47,77
3710,357,306,663
1902,89,90,179
6365,58,61,119
2515,68,79,147
2074,249,214,463
8615,60,42,102
4651,12,14,26
3325,322,335,657
1160,242,232,474
4464,58,82,140
5500,126,148,274
6587,67,52,119
8841,0,0,0
7497,129,106,235
2474,20,28,48
3717,337,303,640
3772,133,160,293
3600,199,199,398
8062,133,127,260
4134,151,121,272
3767,219,219,438
2063,20,15,35
1486,222,208,430
1880,127,118,245
5240,54,66,120
503,130,157,287
3014,62,78,140
794,858,937,1795
3625,204,174,378
6106,5,2,7
3292,270,263,533
5889,231,235,466
131,62,42,104
6736,24,25,49
8459,27,16,43
8783,0,0,0
8548,6,8,14
2644,106,82,188
1468,11,10,21
5040,0,2,2
3059,74,60,134
1928,142,147,289
1700,180,156,336
3666,177,140,317
7437,3,5,8
4898,7,17,24
8294,94,114,208
8487,10,11,21
4989,341,294,635
2824,33,30,63
4078,26,23,49
5075,137,122,259
4721,2,5,7
1566,30,26,56
6955,0,0,0
4172,261,273,534
5343,4,3,7
5194,60,46,106
2065,38,37,75
6423,31,46,77
8281,92,102,194
7022,5,2,7
7053,0,0,0
7677,4,4,8
59,382,333,715
117,108,76,184
8323,96,112,208
4656,7,7,14
869,247,235,482
1582,0,2,2
4307,29,42,71
6231,22,15,37
8384,15,13,28
2619,37,47,84
4038,231,224,455
7281,0,0,0
5566,234,224,458
8410,3,5,8
2469,407,427,834
7214,8,6,14
2449,13,15,28
1991,98,112,210
8718,0,7,7
7353,7,9,16
7107,0,0,0
7296,0,0,0
1138,198,187,385
5282,98,98,196
129,517,497,1014
8325,91,97,188
273,169,174,343
3439,156,129,285
1831,41,50,91
2708,56,70,126
5770,74,87,161
2664,19,21,40
587,21,13,34
4199,4,3,7
5844,59,69,128
6520,6,7,13
1259,418,459,877
4819,19,23,42
7391,63,84,147
2042,232,215,447
337,404,426,830
3872,280,294,574
3508,39,73,112
5775,40,34,74
5205,9,38,47
3383,131,142,273
4182,244,247,491
7001,0,0,0
1942,168,191,359
7524,38,58,96
951,345,330,675
3040,108,92,200
2200,147,147,294
6277,4,3,7
2990,97,102,199
2584,39,45,84
1837,343,296,639
1292,223,203,426
2391,60,52,112
7882,0,0,0
2678,171,170,341
3509,89,84,173
4075,41,91,132
3120,546,545,1091
841,214,227,441
3173,82,64,146
309,125,134,259
364,163,174,337
4125,347,333,680
1336,9,21,30
5557,135,139,274
46,408,328,736
8787,10,18,28
2957,180,148,328
7663,45,51,96
5347,4,3,7
7046,10,11,21
112,67,37,104
3780,189,194,383
5005,36,41,77
7086,0,0,0
212,57,41,98
6296,45,25,70
8817,1,7,8
8295,78,65,143
4893,11,10,21
6841,25,51,76
5226,210,217,427
3534,154,126,280
6118,9,19,28
3391,53,38,91
4303,6,15,21
346,327,387,714
1386,128,140,268
464,421,521,942
2715,56,56,112
8055,0,0,0
674,590,592,1182
3959,234,262,496
196,177,171,348
4516,99,63,162
779,135,152,287
2851,26,37,63
993,626,671,1297
980,515,330,845
7643,5,11,16
8358,51,67,118
8689,19,28,47
7820,0,0,0
8839,6,10,16
3119,280,279,559
438,169,215,384
298,433,387,820
7749,6,10,16
284,280,271,551
4171,4,1,5
3050,54,61,115
7838,6,8,14
8118,0,0,0
5615,189,190,379
6029,23,26,49
7347,20,35,55
742,234,272,506
4016,179,163,342
6483,10,26,36
8639,27,22,49
3787,291,329,620
751,115,118,233
4357,72,81,153
3149,62,99,161
2477,15,20,35
6138,21,21,42
3900,249,202,451
2691,22,34,56
6657,93,124,217
345,106,104,210
1549,698,709,1407
6304,24,25,49
2757,120,113,233
3330,383,393,776
3921,420,398,818
8084,53,52,105
4600,76,99,175
2108,16,12,28
7888,6,8,14
2464,499,491,990
6797,18,24,42
7591,87,102,189
2170,280,239,519
1009,773,792,1565
6284,2,6,8
5362,43,46,89
3913,281,258,539
4580,99,97,196
2525,96,86,182
1608,439,391,830
792,95,121,216
1051,9,12,21
5297,86,84,170
7314,0,0,0
7050,12,9,21
8682,44,62,106
755,23,26,49
4688,3,4,7
8681,31,29,60
2524,124,113,237
3861,203,210,413
640,74,170,244
1306,14,25,39
7828,94,116,210
7079,4,3,7
2556,187,186,373
2471,44,31,75
6673,53,31,84
86,137,92,229
6516,1,27,28
318,187,195,382
2776,121,89,210
7009,0,0,0
6759,39,34,73
3051,86,61,147
7748,0,0,0
1618,15,20,35
8675,37,29,66
7733,69,71,140
1313,2,14,16
2672,543,227,770
3064,90,83,173
3638,254,251,505
8635,70,65,135
1897,147,168,315
5948,15,27,42
3516,115,158,273
4024,150,134,284
2207,200,185,385
1276,117,102,219
4281,0,7,7
8273,79,67,146
370,97,70,167
2192,67,51,118
7879,0,0,0
164,107,78,185
7512,24,24,48
5166,31,28,59
3426,167,169,336
6311,81,71,152
521,384,422,806
4153,114,78,192
4025,181,176,357
2496,78,92,170
2420,48,61,109
4945,13,15,28
6443,113,118,231
1797,39,62,101
6194,9,5,14
4920,206,227,433
2541,220,228,448
5837,299,282,581
5170,159,213,372
1273,57,45,102
1098,41,50,91
2313,7,14,21
1283,237,246,483
5241,98,99,197
4615,73,60,133
6370,125,118,243
7093,0,0,0
1459,142,124,266
8479,8,13,21
4901,98,144,242
2279,238,204,442
8515,5,2,7
5642,246,215,461
6216,4,5,9
4657,52,40,92
3808,257,258,515
5168,48,57,105
7496,52,52,104
7800,12,20,32
7095,0,0,0
5670,39,45,84
8076,66,81,147
8136,53,38,91
895,86,84,170
2881,53,54,107
8092,67,84,151
7332,2,18,20
2554,153,132,285
6314,190,183,373
2900,195,187,382
1696,5,9,14
2285,35,49,84
1072,131,150,281
374,49,39,88
919,123,113,236
1236,296,292,588
256,126,118,244
7460,22,42,64
8354,74,80,154
4977,144,122,266
8292,108,111,219
2917,9,5,14
5930,0,2,2
4446,0,0,0
4642,151,151,302
2283,30,33,63
6394,4,3,7
7268,0,0,0
6991,0,0,0
8669,32,33,65
8481,12,23,35
910,318,305,623
1649,7,7,14
8723,24,25,49
4871,121,147,268
1917,437,406,843
900,332,304,636
5268,8,13,21
712,60,87,147
8063,101,102,203
882,140,139,279
1758,280,264,544
3321,352,364,716
6674,1,6,7
2289,55,50,105
4327,157,121,278
2365,15,20,35
544,175,245,420
6473,99,104,203
5159,72,96,168
423,75,93,168
4798,8,13,21
7931,0,0,0
610,32,29,61
3519,30,26,56
7700,27,37,64
3106,41,36,77
3304,201,170,371
6807,53,66,119
4145,160,197,357
8511,14,21,35
8157,53,59,112
5745,75,58,133
1150,95,85,180
5080,4,9,13
5801,5,8,13
1001,497,480,977
2587,72,82,154
8565,11,18,29
7377,120,125,245
8182,126,125,251
2640,117,128,245
6170,25,21,46
8492,0,1,1
1709,98,79,177
4194,7,7,14
4654,38,64,102
4598,219,157,376
1447,237,236,473
2037,98,96,194
4862,208,240,448
1543,221,248,469
2621,12,16,28
5471,22,35,57
154,227,197,424
297,241,255,496
813,117,135,252
7964,0,0,0
2866,69,78,147
3084,258,220,478
2861,18,31,49
7070,3,4,7
6363,50,55,105
4529,68,58,126
425,73,64,137
1520,28,35,63
4855,2,5,7
171,130,101,231
5048,15,20,35
4080,235,363,598
3065,35,21,56
5994,82,75,157
8121,144,138,282
3925,683,671,1354
6862,3,4,7
3243,277,262,539
8576,17,18,35
5581,170,172,342
5482,51,40,91
417,614,604,1218
2850,46,45,91
5989,53,66,119
1606,169,188,357
4071,1047,700,1747
7263,2,4,6
1131,203,228,431
2347,120,118,238
4414,3,11,14
5213,82,86,168
5847,227,254,481
198,384,359,743
4122,271,245,516
1437,152,154,306
4524,28,12,40
6261,85,83,168
4381,10,18,28
8544,5,2,7
5409,200,139,339
955,253,223,476
332,167,176,343
5466,117,128,245
3709,400,369,769
5940,44,47,91
6636,94,102,196
8151,68,85,153
3485,134,132,266
2966,170,170,340
5090,4,7,11
3280,283,266,549
607,45,18,63
4304,152,183,335
6760,24,32,56
7618,90,85,175
7945,12,10,22
2317,9,5,14
384,41,49,90
4904,94,102,196
3700,214,199,413
6749,4,3,7
8591,0,0,0
1296,218,216,434
460,558,604,1162
4939,17,26,43
7652,16,16,32
4918,96,111,207
807,190,195,385
7453,7,28,35
1440,95,123,218
3473,30,69,99
3957,275,295,570
1915,189,175,364
2,354,181,535
5762,124,121,245
4560,45,69,114
3226,138,191,329
8341,34,36,70
4262,154,168,322
8417,24,53,77
2772,128,117,245
6486,7,7,14
8536,9,5,14
7204,0,0,0
4998,18,24,42
428,115,143,258
3094,104,92,196
4936,5,13,18
4138,60,59,119
7575,3,5,8
539,115,141,256
3755,19,35,54
6326,55,49,104
1308,242,197,439
1839,151,130,281
4389,76,78,154
6362,42,37,79
4427,20,6,26
6267,192,193,385
8800,12,9,21
6361,21,21,42
6919,0,0,0
5941,57,69,126
4726,0,0,0
3393,290,247,537
6544,20,22,42
4671,58,80,138
3225,41,56,97
6449,117,121,238
6948,0,0,0
6986,0,0,0
7696,66,67,133
6902,87,81,168
5697,36,24,60
7083,8,6,14
2175,64,62,126
7131,5,2,7
5082,8,6,14
8483,6,6,12
5947,10,4,14
3089,324,313,637
796,214,227,441
6147,0,3,3
6237,2,5,7
2704,48,59,107
7101,0,0,0
2111,24,48,72
8036,23,26,49
1997,248,250,498
8463,23,21,44
2394,146,148,294
6534,6,22,28
2936,0,7,7
2424,148,152,300
7847,0,0,0
2787,49,67,116
5319,48,64,112
8316,46,44,90
727,257,267,524
1185,160,155,315
7794,24,40,64
5485,125,159,284
2689,3,18,21
1621,8,34,42
7144,5,2,7
4645,210,210,420
7081,13,9,22
583,53,41,94
2918,184,171,355
5366,128,129,257
3967,91,139,230
7205,0,0,0
1518,20,22,42
6313,74,59,133
4277,118,128,246
4908,36,20,56
3366,233,244,477
4627,0,0,0
4545,43,34,77
6436,73,73,146
1529,59,108,167
4392,144,171,315
2615,377,382,759
6878,21,28,49
5161,56,56,112
2649,154,161,315
2385,48,44,92
5211,61,72,133
1177,251,239,490
4382,6,1,7
1182,238,252,490
4521,27,35,62
2142,10,15,25
5477,139,157,296
3785,61,59,120
7448,8,6,14
5974,70,77,147
150,144,117,261
8416,3,4,7
84,41,26,67
1987,93,103,196
1871,204,212,416
7808,64,118,182
3568,21,17,38
7038,17,11,28
2898,212,180,392
5264,4,3,7
7406,3,13,16
6052,9,7,16
5383,139,154,293
2364,19,16,35
2267,67,80,147
4042,512,493,1005
2873,87,102,189
5124,150,128,278
4616,171,164,335
8770,16,18,34
7927,0,8,8
3339,0,0,0
7280,0,0,0
3904,322,289,611
1024,1045,437,1482
1427,174,183,357
4068,563,564,1127
5795,53,68,121
8169,40,51,91
1791,2,1,3
3085,60,72,132
8493,14,7,21
1888,678,577,1255
1668,11,37,48
6908,7,7,14
592,39,31,70
5029,180,155,335
4094,4,10,14
2915,197,213,410
6492,93,96,189
3599,322,362,684
7206,0,0,0
516,119,119,238
5130,150,167,317
8693,23,24,47
7549,27,37,64
5964,35,36,71
1326,55,61,116
7004,0,0,0
2292,86,89,175
7137,5,3,8
5410,89,103,192
8645,33,30,63
7801,48,48,96
2439,125,134,259
4007,284,311,595
6265,109,101,210
6209,79,76,155
7991,5,12,17
5639,496,489,985
7657,180,156,336
4249,117,88,205
459,20,22,42
626,3,5,8
6929,0,0,0
3855,554,377,931
118,257,226,483
8041,22,20,42
3672,363,372,735
3287,30,33,63
5285,97,92,189
3934,127,174,301
7722,68,79,147
2154,57,48,105
7039,10,10,20
687,271,301,572
2728,107,124,231
1188,545,532,1077
1801,50,69,119
8824,1,15,16
5483,138,173,311
7854,7,8,15
613,26,13,39
2592,49,33,82
8618,51,51,102
5102,19,20,39
2783,34,29,63
2372,65,80,145
648,154,179,333
5199,133,119,252
8290,53,65,118
2302,307,278,585
5238,233,254,487
8288,90,100,190
7243,0,0,0
8279,100,104,204
2460,274,249,523
7850,0,0,0
6627,30,26,56
4352,4,4,8
4792,12,17,29
5175,179,199,378
4198,204,220,424
7017,4,10,14
4475,7,7,14
5272,34,50,84
8012,98,84,182
8619,72,58,130
8259,75,90,165
5577,193,188,381
7034,0,0,0
957,266,242,508
8833,14,10,24
8186,31,39,70
929,198,187,385
6499,24,53,77
6742,20,29,49
1890,26,20,46
5876,61,79,140
2594,73,68,141
1843,5,5,10
3140,569,565,1134
4610,14,7,21
8496,29,41,70
4098,6,8,14
1931,88,78,166
7560,37,43,80
555,78,146,224
7217,3,4,7
7416,99,93,192
4828,2,5,7
1392,117,140,257
7679,24,24,48
1667,1,18,19
8075,134,141,275
1972,22,63,85
8517,4,17,21
4780,2,2,4
2263,20,22,42
5722,1,6,7
6578,100,94,194
4967,176,167,343
2331,78,71,149
4687,2,5,7
1905,108,98,206
3496,167,210,377
5251,80,69,149
3438,139,106,245
1203,222,185,407
1154,165,150,315
449,206,229,435
7731,71,83,154
2577,12,16,28
261,214,219,433
7506,44,52,96
5058,71,75,146
697,321,313,634
526,388,386,774
3846,669,173,842
7552,111,132,243
29,530,522,1052
7312,0,0,0
5563,168,182,350
58,205,169,374
4899,8,13,21
7747,88,87,175
2345,83,78,161
7166,4,3,7
3702,491,457,948
1795,18,10,28
4428,45,39,84
3041,40,43,83
608,10,4,14
5203,462,442,904
6337,11,10,21
8001,0,0,0
2856,14,14,28
5651,10,11,21
5627,235,216,451
7703,86,93,179
4274,72,88,160
645,89,119,208
5741,90,85,175
4873,225,260,485
6512,3,4,7
3588,201,250,451
5399,26,30,56
2877,98,97,195
1864,104,105,209
4330,47,27,74
6416,0,1,1
6340,46,57,103
3684,370,368,738
3306,245,224,469
2974,145,148,293
948,292,258,550
6643,64,65,129
6019,3,4,7
552,58,75,133
3786,339,393,732
3351,4,4,8
4336,0,0,0
56,149,100,249
7624,153,141,294
6132,24,32,56
1920,12,9,21
2174,82,100,182
5022,58,61,119
3866,282,278,560
6445,100,103,203
3844,505,470,975
7369,91,100,191
221,89,61,150
5646,426,428,854
3345,411,339,750
189,231,192,423
4498,13,15,28
6826,0,3,3
3889,250,237,487
7087,6,1,7
6518,7,7,14
2191,74,66,140
3194,258,245,503
3583,304,334,638
7285,0,0,0
3234,49,56,105
285,142,131,273
4450,10,18,28
1282,134,123,257
7759,37,35,72
8610,0,0,0
4179,13,8,21
6714,16,26,42
2400,172,170,342
8203,17,32,49
5014,22,28,50
3562,430,466,896
5397,51,75,126
5658,318,326,644
7303,2,5,7
7816,90,78,168
2098,71,76,147
7609,3,5,8
7398,37,43,80
3286,24,26,50
6307,114,124,238
1060,299,260,559
2467,356,321,677
501,126,174,300
6354,18,32,50
4506,22,34,56
4494,0,0,0
38,465,426,891
1373,69,106,175
5224,338,333,671
6645,5,10,15
4135,7,7,14
5328,96,89,185
4388,7,21,28
6779,3,4,7
126,127,92,219
7184,7,7,14
3732,367,333,700
5093,76,81,157
4752,30,52,82
2240,106,105,211
231,66,65,131
1297,187,170,357
893,221,234,455
894,161,138,299
2491,13,8,21
7857,4,14,18
45,521,272,793
7,360,249,609
4915,142,178,320
498,53,45,98
877,208,203,411
2686,343,365,708
1911,215,213,428
6661,27,22,49
2096,102,94,196
3289,63,70,133
1461,164,178,342
3643,276,282,558
4902,80,98,178
5529,167,168,335
2919,168,129,297
451,292,415,707
8265,84,80,164
3802,284,319,603
2864,81,87,168
1734,77,98,175
4641,6,8,14
6358,64,76,140
2165,173,174,347
5890,105,91,196
5162,186,209,395
5119,73,67,140
4200,208,203,411
7946,5,9,14
4084,235,244,479
6915,0,0,0
2545,219,237,456
7478,37,43,80
386,83,78,161
3399,434,459,893
1703,421,383,804
831,131,138,269
5249,221,199,420
1007,617,631,1248
7809,15,25,40
2520,95,101,196
7462,0,0,0
3114,322,350,672
2163,187,180,367
1996,159,184,343
5799,84,98,182
8560,4,3,7
1615,7,21,28
834,197,189,386
3972,107,124,231
4155,201,177,378
1644,117,121,238
39,509,495,1004
6625,54,44,98
426,341,344,685
324,60,32,92
6849,7,7,14
2168,208,174,382
6497,139,127,266
8129,63,56,119
8599,0,0,0
3665,242,212,454
4561,50,62,112
7334,0,0,0
7846,0,0,0
1526,182,208,390
7305,0,14,14
230,52,36,88
287,62,34,96
2564,313,303,616
5783,57,62,119
6318,20,57,77
4608,70,63,133
7159,0,0,0
5936,1,6,7
928,262,234,496
5358,28,28,56
6131,30,35,65
1939,57,69,126
913,327,311,638
8465,11,10,21
8192,21,28,49
4722,9,12,21
6817,14,14,28
5747,117,128,245
4504,7,15,22
5260,49,48,97
1981,91,105,196
1815,135,125,260
4909,120,118,238
7224,2,5,7
5121,3,4,7
8256,123,126,249
504,111,148,259
330,115,103,218
7202,0,0,0
4931,273,268,541
8314,66,81,147
132,370,347,717
7826,55,64,119
390,85,83,168
5450,9,5,14
4946,17,19,36
3677,385,378,763
8197,24,39,63
3530,238,252,490
1755,169,167,336
8086,51,68,119
6598,109,122,231
7672,196,175,371
4916,309,307,616
2196,97,99,196
7449,0,0,0
577,40,30,70
2201,350,348,698
2236,139,132,271
4010,95,97,192
1933,7,7,14
3264,182,161,343
1749,100,89,189
3715,444,427,871
5638,100,87,187
935,549,566,1115
3423,179,220,399
3070,195,177,372
2754,104,127,231
885,223,232,455
6830,28,31,59
5895,316,313,629
2337,104,127,231
3230,12,23,35
8499,14,14,28
5376,20,36,56
6488,41,40,81
6667,56,70,126
3456,195,197,392
729,181,186,367
7875,5,1,6
2591,58,68,126
2126,14,14,28
1850,51,54,105
8791,0,7,7
5195,228,203,431
4074,16,19,35
5434,67,59,126
629,26,23,49
3136,273,259,532
3258,9,12,21
5702,99,107,206
1558,232,203,435
7383,5,11,16
4724,9,26,35
2159,152,156,308
2887,114,103,217
6640,88,80,168
4235,39,10,49
6050,25,26,51
7739,119,104,223
5797,84,72,156
3235,67,80,147
774,153,179,332
2025,47,65,112
5101,199,166,365
2795,54,58,112
3110,195,206,401
4938,16,36,52
4569,50,61,111
8540,3,4,7
3688,424,390,814
6411,1,6,7
2933,105,96,201
1747,93,96,189
5814,86,89,175
1908,86,86,172
1756,285,258,543
107,297,241,538
3912,549,542,1091
8724,11,11,22
488,61,69,130
2047,90,134,224
2118,93,93,186
3641,192,177,369
3249,696,493,1189
8209,18,45,63
1494,299,282,581
5592,181,194,375
7080,0,0,0
5924,8,6,14
1064,70,77,147
2069,104,93,197
5689,7,16,23
7432,95,129,224
2921,243,263,506
718,46,73,119
7573,46,80,126
3596,166,184,350
4372,41,50,91
690,243,210,453
6831,0,1,1
3331,2,5,7
8218,68,42,110
2059,205,197,402
2513,81,80,161
3527,162,160,322
1896,43,39,82
5690,9,19,28
7059,2,5,7
3042,181,190,371
6694,15,27,42
5913,86,97,183
6549,56,77,133
444,84,112,196
3859,779,294,1073
291,210,217,427
7565,84,84,168
3764,12,23,35
4017,227,216,443
140,121,89,210
7780,58,54,112
8609,4,3,7
7404,55,67,122
7306,4,3,7
2038,131,118,249
3893,262,251,513
5505,70,55,125
1940,60,73,133
2022,206,215,421
998,493,515,1008
3053,62,60,122
2775,201,185,386
3658,326,332,658
2713,63,56,119
4036,191,175,366
2055,120,112,232
5013,6,8,14
2628,55,57,112
6425,19,23,42
1522,97,92,189
6122,18,17,35
2349,82,65,147
7300,0,0,0
7211,0,0,0
4043,252,227,479
8115,0,0,0
5535,234,234,468
8535,13,8,21
7993,4,10,14
8708,2,14,16
3449,27,36,63
3011,90,76,166
2193,92,111,203
1977,96,110,206
7327,0,0,0
4127,208,187,395
947,306,285,591
1034,561,563,1124
870,209,195,404
7795,92,117,209
8713,26,18,44
7235,0,0,0
8579,1,6,7
5575,138,128,266
5057,63,56,119
2553,115,88,203
828,91,89,180
7574,78,55,133
3097,74,88,162
8408,9,5,14
6164,22,21,43
142,68,38,106
6536,43,62,105
7150,6,15,21
4053,407,365,772
954,249,246,495
5365,154,171,325
3377,171,160,331
5418,246,254,500
3901,212,187,399
8306,43,41,84
3515,80,74,154
1358,119,128,247
7148,5,3,8
4245,136,189,325
1735,93,103,196
7716,44,43,87
4261,116,115,231
8154,83,113,196
3411,150,150,300
8165,54,63,117
4460,20,29,49
8421,15,37,52
7829,8,8,16
2401,159,142,301
7125,0,0,0
5478,42,60,102
8494,25,24,49
1788,77,70,147
2110,4,8,12
8107,0,1,1
2094,68,80,148
6079,2,2,4
1590,0,1,1
662,170,159,329
8322,103,117,220
7784,3,13,16
5918,82,100,182
5499,28,39,67
5664,25,31,56
5548,192,202,394
8239,98,98,196
137,163,131,294
7431,55,49,104
7447,5,2,7
7839,0,0,0
2821,62,57,119
1090,40,51,91
454,405,506,911
4156,0,0,0
1451,58,52,110
8028,49,50,99
2907,215,193,408
2153,127,107,234
7929,2,5,7
6501,92,111,203
2404,225,216,441
5971,76,69,145
2834,199,185,384
3365,351,340,691
1083,57,83,140
8441,7,6,13
1610,63,84,147
7887,5,9,14
6816,24,11,35
8443,8,6,14
691,293,309,602
250,73,60,133
4555,1,41,42
1978,80,109,189
7670,26,30,56
3261,107,86,193
6706,22,20,42
711,254,327,581
6762,21,12,33
3459,248,228,476
2502,86,103,189
5301,123,115,238
1786,47,58,105
2576,12,37,49
4,174,155,329
270,114,84,198
5805,52,46,98
1811,102,101,203
7201,0,0,0
1724,23,26,49
293,133,116,249
5558,215,226,441
809,163,158,321
769,203,206,409
4618,194,139,333
670,430,363,793
6398,10,4,14
8842,0,0,0
5173,159,184,343
342,193,184,377
4535,50,64,114
7570,135,131,266
265,194,204,398
7435,95,88,183
3062,8,6,14
8317,53,50,103
8823,7,9,16
7616,7,9,16
4962,66,67,133
920,552,549,1101
4719,0,1,1
1726,28,28,56
5339,270,256,526
4988,302,295,597
7987,18,17,35
4831,232,237,469
6338,20,22,42
4034,133,124,257
4907,239,230,469
1470,26,23,49
901,167,177,344
6907,18,10,28
1473,34,28,62
2075,767,411,1178
6715,11,10,21
3038,89,98,187
1413,3,11,14
8521,0,0,0
2949,217,190,407
6306,50,60,110
4911,414,387,801
8034,15,27,42
4584,245,205,450
7208,0,0,0
965,301,280,581
4063,482,448,930
4883,146,163,309
2249,176,146,322
6454,147,149,296
5832,64,55,119
8843,5,3,8
6024,1,10,11
2334,59,67,126
2017,53,94,147
7673,26,38,64
7402,30,42,72
5455,130,125,255
6380,27,29,56
5990,55,64,119
6654,26,23,49
7418,28,36,64
3733,379,381,760
5125,7,7,14
7899,1,2,3
3500,127,123,250
8533,20,22,42
3706,364,337,701
6996,0,0,0
1563,196,217,413
4803,4,22,26
1320,396,432,828
8670,54,67,121
2211,5,18,23
4970,265,288,553
7091,2,3,5
7066,0,0,0
2114,31,32,63
2789,50,69,119
6493,66,74,140
6521,10,11,21
4121,235,224,459
5657,105,126,231
7810,61,86,147
5311,137,143,280
2590,61,65,126
8193,34,50,84
5738,93,114,207
3891,169,140,309
5071,179,165,344
1548,20,20,40
2665,8,6,14
7581,8,16,24
6551,26,33,59
4081,29,41,70
5243,181,190,371
5108,0,4,4
2697,51,75,126
4243,19,9,28
1155,173,162,335
5380,92,121,213
7351,24,40,64
6099,72,79,151
2581,62,67,129
6139,16,13,29
6886,14,7,21
7843,0,0,0
3662,238,208,446
5019,21,28,49
7775,182,177,359
8538,16,15,31
4026,343,296,639
4552,0,0,0
1167,235,241,476
7330,7,7,14
8202,19,43,62
2874,59,67,126
4040,388,410,798
6226,2,9,11
5744,95,94,189
7689,15,18,33
6839,25,37,62
407,114,145,259
6397,33,37,70
4256,150,143,293
5960,14,7,21
531,71,91,162
5361,21,23,44
748,83,92,175
6631,54,52,106
2254,547,546,1093
4410,93,77,170
3789,127,139,266
5020,31,42,73
3557,108,102,210
5356,22,34,56
784,108,88,196
6881,3,11,14
3770,111,120,231
5220,209,232,441
8293,102,98,200
5923,31,39,70
2536,121,117,238
3483,48,56,104
5215,101,102,203
2786,54,64,118
7988,7,7,14
6086,12,16,28
1623,38,60,98
4847,47,31,78
2093,58,61,119
1536,145,163,308
1322,18,52,70
4955,43,36,79
8298,78,95,173
1674,8,13,21
1666,45,52,97
3476,90,85,175
3317,0,1,1
7393,76,78,154
4921,12,15,27
6383,55,78,133
5094,41,43,84
8596,5,9,14
7146,0,4,4
8819,0,0,0
1163,286,290,576
1752,127,125,252
917,82,66,148
7099,0,0,0
2759,103,94,197
2756,81,66,147
42,584,583,1167
8813,5,11,16
7986,8,6,14
7395,74,80,154
3699,367,388,755
5516,144,148,292
1239,172,148,320
1245,46,52,98
2027,58,77,135
6442,142,180,322
5884,120,105,225
6608,129,123,252
4367,223,163,386
8612,0,0,0
490,117,142,259
659,582,579,1161
927,132,120,252
1077,56,84,140
6554,12,9,21
5256,200,199,399
8592,0,0,0
399,165,168,333
7545,137,123,260
8375,18,24,42
7907,10,4,14
8026,79,84,163
5587,200,199,399
5635,256,227,483
202,181,192,373
3792,137,178,315
5709,65,61,126
3314,85,91,176
4295,18,31,49
5180,114,102,216
409,90,85,175
4291,138,123,261
8172,43,62,105
3646,295,272,567
7863,0,0,0
8099,24,25,49
6218,1,6,7
6634,59,67,126
4602,42,63,105
3100,123,122,245
1663,407,382,789
4329,29,30,59
8110,0,0,0
4565,28,42,70
6896,19,17,36
1435,48,48,96
5869,234,235,469
7614,51,41,92
2375,46,45,91
3986,331,292,623
1605,46,66,112
4496,130,121,251
5590,217,204,421
7111,0,0,0
4114,217,216,433
8031,20,8,28
3510,44,42,86
3814,348,354,702
2237,90,85,175
4711,36,40,76
4582,311,277,588
888,251,267,518
5550,132,155,287
4280,0,0,0
2843,124,98,222
3532,90,85,175
3707,345,317,662
656,175,182,357
4558,11,24,35
575,52,113,165
8660,42,39,81
276,84,90,174
271,228,234,462
8352,87,84,171
4859,324,341,665
8284,109,107,216
5808,161,182,343
5143,274,272,546
6187,14,21,35
1403,179,80,259
4522,23,26,49
3437,19,23,42
442,103,97,200
264,146,133,279
3914,432,427,859
2280,247,222,469
8000,0,0,0
4800,6,8,14
7396,111,113,224
5113,84,78,162
6848,56,49,105
601,179,169,348
6270,2,5,7
7546,55,71,126
3990,124,101,225
2629,32,31,63
3794,280,306,586
4851,10,18,28
8390,33,44,77
1492,188,181,369
3316,0,0,0
1818,3,4,7
1822,33,51,84
5106,52,60,112
2940,26,37,63
2796,54,65,119
4376,21,14,35
6825,55,36,91
5899,117,121,238
2962,165,163,328
2928,28,35,63
806,65,65,130
3170,318,310,628
2847,247,235,482
8467,40,63,103
5209,16,26,42
8580,3,4,7
8543,3,11,14
4331,27,22,49
6182,11,16,27
1381,111,158,269
5983,10,18,28
767,153,140,293
4669,24,40,64
1152,297,340,637
1619,42,56,98
92,79,61,140
6136,34,43,77
5318,19,18,37
4213,18,28,46
1866,141,160,301
5484,21,21,42
2559,234,210,444
1352,28,32,60
3974,41,43,84
1802,32,31,63
2290,79,96,175
8430,27,29,56
6047,10,18,28
1803,30,26,56
6757,19,29,48
6845,20,8,28
2259,9,13,22
7941,14,14,28
1383,303,313,616
5288,185,215,400
4368,0,0,0
5139,95,85,180
1388,395,314,709
2863,64,62,126
6330,7,7,14
3295,402,387,789
94,122,102,224
2006,160,160,320
5928,36,34,70
5763,146,171,317
101,317,287,604
6003,20,22,42
5544,185,186,371
7561,19,38,57
6899,8,6,14
5626,236,229,465
3382,165,142,307
1982,57,69,126
7798,34,62,96
6854,4,10,14
4768,6,15,21
8219,99,66,165
7874,0,0,0
110,86,47,133
4626,0,0,0
4621,22,27,49
3903,238,224,462
1026,572,586,1158
4885,372,359,731
4193,3,6,9
4830,171,172,343
4823,141,122,263
4594,73,70,143
8187,33,37,70
5623,193,192,385
4328,76,78,154
7466,29,40,69
4781,0,0,0
8025,29,34,63
3748,376,354,730
8090,25,52,77
8712,0,0,0
1537,38,32,70
7690,65,75,140
923,398,388,786
880,131,129,260
3200,397,436,833
6400,179,186,365
3799,58,52,110
1092,72,68,140
8666,21,34,55
3354,176,260,436
5149,9,12,21
8728,10,13,23
680,178,235,413
7056,9,8,17
679,574,598,1172
3291,33,24,57
643,191,261,452
1669,1,9,10
5302,104,92,196
6998,0,0,0
8387,73,67,140
615,45,18,63
5089,21,21,42
6439,36,34,70
622,8,13,21
5193,307,281,588
4458,11,12,23
2166,213,192,405
580,32,24,56
7363,36,43,79
2315,22,20,42
5452,148,174,322
1070,294,257,551
8458,26,30,56
822,168,176,344
1233,52,53,105
5866,174,159,333
1657,74,66,140
8604,8,6,14
775,79,96,175
6555,71,69,140
375,104,106,210
4887,173,205,378
8426,23,26,49
4176,86,97,183
5274,12,16,28
4341,182,182,364
2320,41,57,98
3679,244,231,475
2519,93,88,181
5640,328,328,656
3477,42,93,135
7123,0,0,0
4189,0,0,0
5408,108,115,223
7982,0,0,0
684,401,417,818
8381,52,53,105
8137,97,102,199
8274,93,72,165
7678,28,39,67
3161,6,8,14
457,70,105,175
8485,11,3,14
1950,403,396,799
8759,5,3,8
6901,50,54,104
2216,18,17,35
3364,290,297,587
6522,11,10,21
5607,271,254,525
7010,0,0,0
2326,10,10,20
7455,69,71,140
60,480,460,940
7040,10,11,21
6621,82,101,183
4480,26,30,56
5749,149,154,303
8757,9,7,16
48,391,372,763
5916,37,61,98
1698,578,555,1133
7600,42,52,94
5489,80,95,175
1471,12,18,30
3585,356,407,763
7371,17,31,48
7244,0,0,0
4767,4,3,7
3308,233,169,402
2221,6,4,10
1681,61,72,133
2107,316,288,604
1116,99,111,210
5954,24,32,56
2284,7,11,18
8425,0,0,0
3788,180,198,378
5790,52,58,110
3401,6,8,14
7790,65,112,177
7283,0,2,2
7634,8,25,33
725,14,23,37
6223,2,5,7
5007,169,187,356
4457,0,0,0
2311,20,8,28
943,194,172,366
7212,0,0,0
2066,74,87,161
2733,66,74,140
1768,401,368,769
5373,3,3,6
8142,89,99,188
6327,83,80,163
7290,0,0,0
2932,92,83,175
1531,7,7,14
8812,8,8,16
3022,133,114,247
2845,111,89,200
1099,84,90,174
1635,4,17,21
6259,273,258,531
5681,6,34,40
3002,151,128,279
4770,121,139,260
5834,215,225,440
8801,8,7,15
3541,245,251,496
1105,179,238,417
15,549,460,1009
1927,45,32,77
431,44,39,83
4905,90,86,176
6592,59,53,112
8080,17,11,28
7913,8,6,14
4069,49,66,115
5244,293,295,588
2562,192,184,376
4032,224,193,417
6699,31,29,60
5711,258,237,495
7834,15,9,24
4922,183,192,375
486,172,241,413
2662,11,3,14
4811,6,15,21
4181,70,67,137
1301,356,341,697
1742,137,147,284
5968,34,21,55
5469,40,80,120
4806,8,6,14
778,108,137,245
2580,59,74,133
5628,290,292,582
898,367,324,691
1103,64,72,136
1842,5,9,14
5214,119,133,252
7648,19,22,41
5840,76,71,147
7335,0,0,0
4051,233,203,436
7105,0,4,4
2710,57,48,105
4278,71,76,147
8302,106,117,223
8505,7,7,14
1200,280,277,557
239,86,76,162
7914,0,0,0
3138,209,183,392
4646,0,0,0
3447,61,129,190
8674,21,40,61
8677,19,29,48
4928,16,40,56
4804,3,11,14
6968,0,0,0
2671,318,336,654
7516,71,90,161
1784,67,67,134
7531,21,27,48
3257,42,42,84
2643,125,132,257
3033,94,88,182
25,638,655,1293
4399,16,16,32
2752,96,100,196
6612,0,0,0
3251,6,15,21
1706,236,206,442
4365,199,149,348
4624,4,3,7
3601,261,208,469
2273,240,245,485
1702,203,207,410
3336,256,245,501
3713,332,335,667
2961,24,11,35
8120,124,121,245
8401,75,91,166
6537,47,93,140
7461,52,45,97
8525,0,0,0
5881,29,27,56
7025,0,0,0
4540,1,13,14
1268,274,261,535
940,296,263,559
6404,32,38,70
7104,0,0,0
4244,30,69,99
5951,28,35,63
5521,84,127,211
5655,72,75,147
1286,157,141,298
5873,318,269,587
1466,2,4,6
2952,161,165,326
5578,100,99,199
7603,41,39,80
1164,129,132,261
4090,185,158,343
8065,126,119,245
5937,5,3,8
4784,0,1,1
1546,5,9,14
4378,145,129,274
1833,130,141,271
7631,75,78,153
3262,303,302,605
4700,7,7,14
1740,77,66,143
1248,219,222,441
4961,142,152,294
4633,193,206,399
6378,16,12,28
558,124,247,371
1271,210,245,455
341,177,164,341
568,307,335,642
782,201,233,434
5024,273,295,568
2275,143,144,287
636,277,281,558
7450,0,0,0
8348,8,6,14
2906,92,62,154
392,117,135,252
197,66,38,104
7776,15,33,48
8598,0,0,0
1134,102,108,210
6178,2,5,7
2217,22,12,34
7527,0,0,0
6623,119,134,253
7984,10,4,14
3148,152,165,317
7594,135,130,265
2679,222,192,414
8766,33,23,56
5725,33,45,78
1951,557,551,1108
4454,0,0,0
5901,180,157,337
6414,54,57,111
7236,0,0,0
4824,352,317,669
124,568,565,1133
8127,95,94,189
4275,147,181,328
8608,4,3,7
5946,11,17,28
3911,211,188,399
6652,50,61,111
1910,48,29,77
6906,3,4,7
247,159,149,308
2106,35,28,63
5772,76,76,152
7492,118,134,252
5957,24,40,64
3817,360,383,743
3214,267,237,504
3458,205,187,392
2399,220,200,420
4486,0,0,0
148,408,367,775
1533,128,145,273
4879,232,218,450
5095,60,59,119
3478,189,203,392
7078,1,14,15
7777,27,29,56
5882,58,40,98
420,54,58,112
3250,220,247,467
4518,267,198,465
1181,403,376,779
1335,64,90,154
6179,0,5,5
3246,493,461,954
3573,93,98,191
2788,32,38,70
3621,174,177,351
5228,354,307,661
8303,64,83,147
6823,17,32,49
8595,5,9,14
66,189,149,338
3424,245,218,463
4778,3,4,7
7937,16,26,42
3537,151,144,295
983,345,292,637
5254,362,324,686
2905,150,129,279
7494,51,61,112
964,587,612,1199
7877,7,7,14
2416,11,24,35
3023,79,57,136
1310,23,32,55
7415,33,47,80
8671,14,18,32
5210,71,76,147
3310,24,45,69
875,262,238,500
2830,106,103,209
2442,141,125,266
6129,20,25,45
4472,112,125,237
8567,17,27,44
2260,26,37,63
764,223,232,455
5271,8,10,18
3602,145,149,294
8050,44,47,91
8716,6,2,8
5823,124,126,250
8262,116,120,236
2935,12,16,28
3762,120,124,244
4870,143,137,280
7730,37,35,72
5136,60,59,119
315,268,280,548
180,141,127,268
4185,61,44,105
7024,0,1,1
7686,100,106,206
1516,404,424,828
7769,59,45,104
2596,134,106,240
641,202,269,471
259,239,225,464
2421,24,18,42
8709,1,7,8
6440,97,99,196
561,63,50,113
8030,8,6,14
8621,71,75,146
7699,30,32,62
159,114,94,208
2578,52,65,117
7896,11,9,20
5897,218,223,441
8462,32,38,70
8427,22,24,46
6935,0,0,0
8546,10,11,21
7707,58,76,134
5956,46,52,98
3442,5,9,14
2167,272,268,540
7222,3,4,7
7237,0,0,0
7773,25,38,63
4106,45,60,105
2547,233,223,456
1638,9,12,21
3612,93,108,201
5760,134,139,273
2144,15,20,35
8686,17,14,31
4027,226,219,445
7127,0,1,1
5572,249,302,551
487,74,66,140
793,248,255,503
6000,16,33,49
6087,20,20,40
721,16,26,42
3951,312,294,606
6867,55,57,112
7510,105,98,203
7149,11,9,20
3497,270,328,598
4891,150,151,301
981,566,573,1139
3653,179,149,328
8542,18,32,50
3203,317,260,577
6633,68,58,126
2318,31,32,63
1439,88,101,189
8789,0,0,0
5653,9,12,21
1570,4,4,8
333,74,70,144
4492,17,18,35
416,70,57,127
5222,100,82,182
4696,42,52,94
8547,8,13,21
6064,39,52,91
351,248,263,511
204,109,101,210
8414,13,18,31
125,330,299,629
2015,18,24,42
2603,105,105,210
7167,0,1,1
2550,155,153,308
8220,122,90,212
7005,0,0,0
5118,45,53,98
7815,91,91,182
8122,149,152,301
1377,178,197,375
4353,5,33,38
5172,154,182,336
7012,4,3,7
3333,18,24,42
811,94,92,186
4224,174,130,304
5237,98,125,223
6579,77,84,161
916,216,232,448
4101,39,63,102
2860,59,60,119
2800,44,54,98
2639,137,150,287
3057,30,22,52
8411,17,18,35
5393,50,48,98
6412,2,5,7
4211,7,11,18
3122,220,199,419
3752,366,364,730
5299,220,187,407
2448,280,252,532
8228,92,94,186
1198,28,14,42
7632,14,34,48
5776,4,17,21
2505,147,154,301
1187,157,142,299
2683,253,222,475
8602,0,0,0
6115,10,11,21
5759,119,112,231
5506,108,117,225
8561,33,37,70
7622,34,46,80
5037,4,3,7
8629,52,63,115
4709,38,46,84
6506,126,143,269
5963,46,38,84
6630,128,139,267
7182,8,6,14
5616,298,297,595
2612,241,224,465
4227,30,48,78
1347,153,177,330
8237,87,85,172
2239,77,63,140
3556,271,310,581
8489,34,22,56
55,185,134,319
3076,467,452,919
3594,368,377,745
3721,435,414,849
7751,104,97,201
3265,102,115,217
7467,13,11,24
7048,4,10,14
70,344,333,677
5730,5,2,7
5887,153,152,305
2680,235,224,459
6610,107,89,196
3563,197,184,381
1429,9,12,21
290,123,106,229
6149,3,4,7
2958,224,244,468
7045,11,17,28
1157,147,153,300
8162,89,93,182
1601,3,4,7
3883,300,240,540
4568,56,61,117
8464,29,20,49
5515,92,111,203
1382,403,430,833
3142,828,676,1504
5182,153,148,301
3069,117,114,231
7803,0,0,0
2028,104,119,223
2021,36,48,84
8486,3,4,7
3044,19,18,37
2493,75,121,196
7122,0,0,0
8586,9,12,21
5593,158,152,310
3754,95,66,161
4698,72,74,146
5527,78,76,154
3667,264,235,499
1575,108,123,231
8424,40,51,91
6498,15,27,42
18,528,522,1050
1331,13,30,43
8528,4,3,7
4983,268,263,531
4789,794,262,1056
7029,0,0,0
8776,13,19,32
7459,22,34,56
6192,4,10,14
1639,8,6,14
7240,0,0,0
3982,330,366,696
6754,17,40,57
6341,93,98,191
5973,29,7,36
8011,164,151,315
5911,75,66,141
1287,103,123,226
4787,13,15,28
4487,127,100,227
6606,110,93,203
3664,264,261,525
4474,7,7,14
8420,38,46,84
5781,41,54,95
3811,274,286,560
4421,125,106,231
8664,36,41,77
4289,86,84,170
210,156,121,277
7778,40,40,80
4759,18,12,30
1980,58,77,135
5604,239,218,457
5854,126,137,263
406,68,72,140
1068,4,3,7
3237,147,141,288
8537,11,19,30
5204,10,25,35
4943,30,40,70
5287,184,222,406
6780,0,4,4
2835,97,71,168
4299,152,142,294
1269,160,171,331
3776,259,314,573
8468,25,24,49
1217,695,525,1220
1020,789,842,1631
3277,244,263,507
5545,91,93,184
2651,145,135,280
4906,256,260,516
6320,143,151,294
1512,66,53,119
2461,302,271,573
6319,110,123,233
1340,89,105,194
2136,70,59,129
7680,112,91,203
3899,171,146,317
3757,165,178,343
7471,40,40,80
4929,148,167,315
7399,35,38,73
4797,10,11,21
3521,42,50,92
2183,17,67,84
4266,227,211,438
2817,23,12,35
4490,57,56,113
1993,110,111,221
3803,159,147,306
8221,105,98,203
7606,7,9,16
949,263,231,494
4030,231,222,453
631,137,137,274
6514,0,1,1
5636,212,187,399
5079,588,621,1209
1559,265,321,586
8206,23,33,56
7578,30,27,57
7157,0,0,0
4595,68,65,133
876,121,131,252
5258,10,4,14
1632,153,162,315
1753,162,186,348
2071,175,182,357
3547,244,290,534
8516,12,14,26
7924,23,12,35
6176,4,3,7
7962,7,6,13
4957,102,115,217
1922,10,11,21
8178,73,97,170
2931,26,23,49
5659,90,92,182
4507,16,26,42
4635,91,73,164
6041,2,5,7
5934,22,26,48
7806,56,91,147
2266,55,57,112
2316,1,3,4
1955,523,533,1056
1827,58,68,126
3031,62,64,126
7580,37,43,80
584,164,219,383
4926,334,312,646
7279,0,0,0
7247,0,0,0
537,45,71,116
463,76,94,170
7132,0,0,0
701,161,155,316
8704,12,11,23
5691,33,23,56
7823,166,177,343
3469,182,360,542
6063,20,43,63
7674,27,21,48
3603,168,189,357
3020,77,78,155
7458,45,51,96
5910,10,12,22
8152,73,74,147
2965,144,151,295
4370,51,62,113
3670,261,235,496
8327,88,97,185
5404,5,2,7
4335,0,0,0
7242,0,0,0
418,146,173,319
1479,237,186,423
1884,286,271,557
4596,93,103,196
7764,58,68,126
1145,220,207,427
973,507,529,1036
7221,9,26,35
8471,21,35,56
6102,5,5,10
2909,220,182,402
1751,158,185,343
6325,39,67,106
1722,36,34,70
802,113,114,227
586,41,29,70
7568,69,71,140
401,200,210,410
722,58,81,139
2300,156,121,277
1641,100,123,223
5349,3,4,7
4319,89,112,201
2558,162,146,308
266,326,299,625
6238,188,204,392
7544,55,52,107
1289,114,96,210
4966,129,123,252
5858,133,121,254
2437,143,144,287
2721,95,95,190
8346,75,92,167
897,74,59,133
7791,54,71,125
6680,37,45,82
1708,462,388,850
317,110,107,217
2808,40,35,75
611,40,23,63
6419,6,8,14
6225,8,13,21
5891,166,170,336
3771,250,280,530
2626,123,143,266
2523,71,69,140
1184,390,372,762
7894,3,4,7
8534,69,76,145
597,316,325,641
6961,0,0,0
999,498,482,980
8478,35,61,96
1316,9,26,35
4919,54,48,102
8300,103,112,215
120,79,61,140
1909,160,162,322
6844,40,55,95
2726,97,120,217
7908,13,15,28
6540,24,30,54
3610,107,110,217
8569,9,12,21
5156,13,15,28
6818,6,11,17
825,373,393,766
8313,58,68,126
8750,0,0,0
8815,3,13,16
4014,117,114,231
1206,176,151,327
51,539,452,991
7441,45,51,96
6461,38,90,128
4324,388,430,818
4339,63,65,128
3734,393,364,757
4799,11,10,21
7092,1,6,7
6851,2,8,10
424,82,72,154
1528,9,13,22
4734,34,29,63
4246,216,232,448
4503,4,11,15
2501,105,126,231
8732,4,3,7
2068,83,86,169
5126,15,27,42
5077,480,467,947
4225,263,258,521
3878,251,254,505
600,57,94,151
4834,243,228,471
3708,145,135,280
977,239,222,461
3514,247,266,513
858,376,386,762
1926,53,45,98
6407,8,13,21
849,70,61,131
5411,71,90,161
172,349,362,711
3455,309,314,623
8271,63,69,132
3763,172,227,399
251,56,32,88
5914,75,59,134
7103,10,18,28
2600,66,53,119
6142,3,4,7
1495,63,77,140
2274,248,251,499
6644,18,94,112
2744,93,98,191
2785,35,42,77
7772,60,80,140
8134,100,110,210
6565,74,87,161
984,468,468,936
269,122,134,256
1232,118,113,231
2779,421,235,656
3737,591,525,1116
4599,0,0,0
7515,21,43,64
4629,5,9,14
1067,3,4,7
4949,38,67,105
1581,201,166,367
4514,133,140,273
8082,39,38,77
8389,64,69,133
2682,330,350,680
7486,129,109,238
5523,126,136,262
8413,8,6,14
6350,205,190,395
4581,76,71,147
208,152,86,238
2251,403,378,781
2374,52,74,126
4865,93,75,168
1003,425,419,844
559,73,70,143
5332,153,119,272
5030,91,84,175
3128,60,64,124
528,22,27,49
1244,107,136,243
4702,62,58,120
8098,8,13,21
3454,282,278,560
3266,169,176,345
5645,373,351,724
2081,403,425,828
8590,2,5,7
2409,28,28,56
5314,20,84,104
1096,210,207,417
5979,9,13,22
8701,6,2,8
2358,156,131,287
5512,113,115,228
2727,54,58,112
8804,0,0,0
7100,0,0,0
724,107,131,238
1169,258,260,518
1925,165,199,364
4029,199,196,395
1777,7,7,14
3979,203,219,422
4451,178,158,336
3985,246,263,509
2840,133,132,265
4260,80,81,161
8696,36,47,83
745,20,26,46
8361,19,16,35
302,361,388,749
1913,274,280,554
4769,10,12,22
6037,64,76,140
3388,277,260,537
8775,12,12,24
7015,6,8,14
2232,170,187,357
3671,168,107,275
152,74,54,128
6275,22,20,42
1627,121,131,252
8037,10,4,14
698,152,161,313
63,277,252,529
4082,18,17,35
5084,160,174,334
7939,12,41,53
477,36,39,75
5486,124,141,265
6827,17,18,35
6949,0,0,0
4991,116,105,221
2282,6,20,26
1281,232,234,466
6697,21,21,42
1161,172,184,356
7940,5,2,7
8697,24,77,101
2210,11,10,21
6144,8,12,20
5939,31,32,63
8013,129,130,259
4436,80,95,175
6283,30,12,42
5158,17,12,29
7637,18,30,48
2209,9,14,23
944,191,157,348
3027,77,90,167
2355,138,114,252
6581,56,49,105
7602,4,12,16
2717,73,74,147
7480,40,40,80
5146,364,341,705
4553,122,83,205
3144,263,186,449
7405,146,162,308
4159,71,90,161
7721,34,46,80
6185,14,7,21
2939,18,17,35
3445,72,50,122
7062,0,2,2
8044,10,11,21
3614,329,362,691
3427,0,0,0
5502,135,145,280
8500,27,26,53
5359,123,185,308
103,553,570,1123
859,100,103,203
5073,200,198,398
1484,330,317,647
8234,76,81,157
1309,47,63,110
5190,206,218,424
3663,310,291,601
883,530,481,1011
8507,10,18,28
8236,114,109,223
461,67,95,162
6569,42,42,84
6882,6,23,29
7978,3,4,7
8680,14,18,32
4858,193,149,342
4628,0,0,0
1332,30,45,75
2677,344,327,671
2561,193,137,330
8113,5,2,7
3994,212,178,390
4448,41,50,91
5003,42,49,91
3815,168,153,321
5427,82,75,157
4298,87,88,175
5315,6,9,15
1491,177,187,364
7619,11,13,24
2417,29,62,91
8351,84,97,181
2777,178,144,322
1197,461,469,930
6137,22,21,43
8630,49,61,110
4459,10,11,21
2031,37,48,85
7539,35,45,80
5632,229,212,441
5802,5,9,14
6248,0,3,3
7961,14,14,28
1228,38,46,84
7734,17,23,40
2008,75,58,133
49,283,224,507
3645,466,444,910
1893,6,9,15
856,152,140,292
5326,99,90,189
3539,274,273,547
500,49,42,91
8777,22,30,52
6979,0,0,0
7133,0,0,0
6624,73,74,147
7783,8,8,16
5522,146,153,299
187,218,180,398
383,436,484,920
8564,19,23,42
7768,45,51,96
1,441,251,692
8297,88,110,198
2823,77,77,154
8347,53,54,107
8057,154,138,292
5742,134,133,267
7972,0,0,0
3956,55,63,118
1284,367,359,726
1820,6,8,14
3432,7,4,11
2116,90,82,172
8768,18,25,43
5481,51,61,112
326,259,251,510
1588,536,526,1062
6517,8,10,18
3689,502,487,989
1597,133,119,252
2013,173,129,302
3617,387,393,780
400,85,76,161
766,259,249,508
785,223,220,443
735,129,144,273
7326,0,0,0
3810,88,94,182
7019,2,5,7
3598,40,38,78
6977,0,0,0
5497,46,59,105
6903,32,48,80
2483,65,89,154
750,107,110,217
1005,394,390,784
191,132,113,245
5703,8,13,21
8554,11,10,21
1736,45,46,91
6198,2,2,4
1456,75,62,137
5925,57,52,109
5309,4,10,14
8684,54,63,117
3723,306,278,584
8752,21,19,40
414,160,183,343
1767,234,201,435
1178,311,288,599
7364,57,55,112
7155,0,0,0
1974,65,68,133
2661,258,241,499
7074,5,9,14
2408,256,229,485
4597,72,61,133
2351,154,147,301
7355,36,51,87
6682,7,7,14
7869,6,8,14
4461,20,28,48
4161,219,221,440
3247,907,908,1815
6489,31,25,56
3460,580,569,1149
8438,0,0,0
4452,10,4,14
7032,0,0,0
6709,19,16,35
4020,359,333,692
2803,62,64,126
2774,153,124,277
139,69,44,113
5536,66,67,133
2992,120,110,230
2407,472,474,946
4379,82,65,147
1175,223,219,442
4177,415,344,759
1378,45,60,105
8624,32,16,48
7463,8,8,16
2684,309,300,609
5371,307,248,555
2122,192,159,351
1677,35,63,98
4321,307,292,599
768,84,98,182
1994,247,269,516
4546,1,6,7
8480,31,60,91
4237,178,204,382
3340,512,539,1051
6796,7,7,14
3090,76,64,140
4591,30,38,68
7997,6,8,14
1844,10,18,28
3134,375,388,763
5074,108,89,197
163,128,109,237
4723,22,5,27
5908,160,155,315
1923,33,64,97
7597,192,175,367
4894,242,240,482
113,166,138,304
2607,109,91,200
8179,28,28,56
5388,100,99,199
3879,399,400,799
4046,346,310,656
2127,50,62,112
2613,132,127,259
5231,4,3,7
3381,132,138,270
7976,0,0,0
7400,121,117,238
5389,88,53,141
4348,148,146,294
3009,24,24,48
7476,15,17,32
6852,8,19,27
651,98,98,196
8556,16,26,42
7994,1,13,14
1540,148,170,318
5033,132,127,259
7921,0,0,0
7607,38,58,96
7745,61,86,147
2137,146,155,301
700,77,81,158
2485,31,39,70
4077,23,27,50
7872,0,0,0
7394,78,83,161
2746,74,80,154
4660,4,10,14
8143,68,72,140
5610,243,254,497
3116,177,162,339
6730,96,78,174
2188,36,48,84
8190,48,60,108
7323,0,0,0
1876,207,208,415
4005,230,238,468
1333,441,288,729
4322,35,42,77
4371,179,199,378
2411,69,71,140
861,555,565,1120
4129,129,109,238
446,128,137,265
6729,59,58,117
4639,39,64,103
7742,66,74,140
2224,55,43,98
1591,3,4,7
7633,22,42,64
1662,59,60,119
7359,22,31,53
5476,76,80,156
5819,163,175,338
4874,161,164,325
4531,480,423,903
8368,86,103,189
6175,3,4,7
8366,63,86,149
1731,46,45,91
974,231,198,429
655,213,234,447
1056,88,73,161
696,71,76,147
1530,31,53,84
6842,25,66,91
8477,9,12,21
5874,75,82,157
1112,251,229,480
3274,35,41,76
3299,5,16,21
7152,0,0,0
2826,101,97,198
2204,220,200,420
7910,4,3,7
7691,74,85,159
7033,0,0,0
7321,12,23,35
4864,47,37,84
31,427,393,820
3626,253,226,479
4542,60,32,92
7067,0,0,0
6158,10,4,14
3605,385,365,750
962,257,261,518
8719,0,0,0
4841,81,60,141
1174,230,192,422
1542,134,130,264
8096,57,92,149
3597,174,97,271
3174,334,354,688
1782,107,119,226
5341,85,63,148
8112,0,0,0
1757,125,127,252
5877,87,95,182
3303,90,92,182
5061,249,279,528
7054,0,0,0
5986,27,29,56
826,110,119,229
8466,47,63,110
2418,7,14,21
6950,0,0,0
5010,280,292,572
3995,254,261,515
2150,89,91,180
5602,217,211,428
5860,296,287,583
3229,2,5,7
4104,32,36,68
1421,53,73,126
8572,16,19,35
7443,44,52,96
2480,42,49,91
3992,278,237,515
6538,20,29,49
106,234,253,487
5540,187,186,373
4815,3,1,4
2546,160,151,311
7934,0,1,1
1586,24,32,56
661,80,67,147
1685,90,85,175
2288,44,54,98
6145,32,18,50
5574,170,173,343
1485,101,85,186
6843,15,26,41
232,280,291,571
569,42,29,71
6615,26,37,63
3826,629,618,1247
3208,71,119,190
4833,220,207,427
7446,6,1,7
3453,101,88,189
5985,24,32,56
8008,131,114,245
7859,2,4,6
8124,107,110,217
4683,8,6,14
2883,79,82,161
3164,24,18,42
4123,183,166,349
5864,237,260,497
1120,88,102,190
1075,21,22,43
8289,57,59,116
8126,125,110,235
365,202,199,401
3804,216,215,431
149,320,309,629
4860,49,75,124
7016,6,8,14
4603,51,45,96
2325,22,20,42
6457,113,99,212
3856,572,637,1209
1648,195,151,346
2354,91,69,160
2131,31,60,91
5549,183,202,385
1030,726,490,1216
7493,1,7,8
3248,649,642,1291
3964,314,339,653
2430,18,24,42
2588,103,109,212
6371,90,74,164
6295,143,151,294
2533,106,91,197
6789,66,74,140
4383,25,52,77
2685,129,106,235
5720,300,301,601
4120,226,219,445
3722,329,311,640
2481,38,67,105
8720,0,0,0
4338,111,156,267
6691,14,22,36
2132,11,10,21
6348,112,108,220
5145,655,661,1316
8369,54,80,134
6967,0,0,0
4232,231,236,467
7434,51,73,124
3384,154,134,288
7537,80,88,168
8632,43,45,88
1678,5,9,14
6438,38,46,84
7584,73,67,140
6860,47,44,91
6329,8,41,49
602,401,830,1231
4795,20,22,42
746,16,19,35
5900,166,170,336
620,81,80,161
4308,21,35,56
1222,19,37,56
258,91,84,175
1517,35,48,83
8418,41,57,98
2341,31,18,49
7295,0,0,0
4112,141,105,246
8749,0,0,0
4064,391,364,755
6174,8,10,18
6570,93,117,210
5829,15,6,21
6191,20,30,50
7895,14,14,28
3397,398,366,764
3024,117,100,217
3910,594,598,1192
6342,32,24,56
3838,739,732,1471
238,205,198,403
5053,22,13,35
128,311,306,617
2999,119,119,238
3298,132,111,243
3724,329,307,636
2781,27,36,63
4143,0,0,0
2453,106,114,220
5096,103,108,211
1469,112,111,223
7378,30,34,64
3698,335,320,655
6140,248,207,455
5400,305,265,570
7526,41,55,96
1246,122,127,249
2555,114,110,224
1547,42,73,115
1417,18,17,35
1109,296,317,613
7030,0,0,0
3971,150,141,291
5165,68,79,147
3385,203,196,399
1425,19,28,47
4011,238,181,419
4351,0,0,0
1856,96,102,198
6364,85,86,171
6542,17,39,56
1339,57,78,135
7564,120,121,241
4196,91,79,170
4614,194,198,392
5780,63,84,147
1307,10,4,14
7282,0,0,0
8183,26,28,54
4470,117,102,219
972,182,131,313
1035,564,382,946
5406,36,97,133
5520,135,135,270
2602,144,143,287
4067,244,219,463
214,271,275,546
2666,324,300,624
2552,74,59,133
8101,10,18,28
8263,94,94,188
7912,3,4,7
563,66,74,140
6135,31,11,42
3349,167,162,329
6453,87,67,154
890,120,118,238
5872,266,247,513
6157,6,9,15
1790,242,233,475
5746,124,135,259
3929,200,185,385
3942,111,134,245
4133,283,291,574
7902,0,0,0
3220,302,268,570
2748,187,189,376
565,66,74,140
246,336,252,588
3188,147,128,275
3370,8,13,21
939,138,125,263
1904,122,137,259
6669,81,94,175
2975,193,192,385
2696,29,48,77
4323,69,73,142
2761,132,134,266
4880,1,0,1
2281,1,6,7
5473,83,113,196
5751,22,27,49
881,164,165,329
3462,114,152,266
7141,5,16,21
3798,453,524,977
1334,19,41,60
4217,178,189,367
5917,46,50,96
1140,120,131,251
3045,89,71,160
8078,90,99,189
1845,15,20,35
3232,40,65,105
678,30,33,63
832,100,107,207
2053,342,349,691
2312,17,25,42
1958,551,499,1050
8643,67,60,127
4897,6,8,14
8249,110,108,218
3840,591,576,1167
6585,120,121,241
8433,0,0,0
1341,191,236,427
1148,84,70,154
8764,19,8,27
1234,211,230,441
3873,261,264,525
6018,8,7,15
4816,8,5,13
3633,359,375,734
4500,12,16,28
5391,229,224,453
3718,443,436,879
158,378,400,778
411,82,94,176
1298,380,346,726
7178,1,7,8
683,22,20,42
7753,50,46,96
76,100,59,159
3830,605,585,1190
2180,117,131,248
7885,8,6,14
8747,0,0,0
8404,44,61,105
6524,4,4,8
83,160,110,270
6588,84,91,175
7585,118,120,238
760,115,137,252
6300,56,81,137
6690,18,20,38
7796,7,9,16
6359,50,63,113
2451,20,43,63
8568,9,12,21
2634,104,120,224
7893,5,2,7
556,157,222,379
2676,347,304,651
1254,87,95,182
4574,67,80,147
8017,71,69,140
8392,60,65,125
3355,55,86,141
1054,529,528,1057
6456,132,141,273
6477,75,79,154
5822,167,188,355
1695,5,2,7
3420,234,197,431
2605,111,106,217
5839,125,141,266
2901,161,147,308
7558,77,63,140
3324,104,120,224
7626,21,27,48
6117,19,23,42
2825,103,100,203
6575,63,70,133
871,168,162,330
8523,3,4,7
8184,40,46,86
7317,6,8,14
6297,1,13,14
7451,20,36,56
3580,238,253,491
2989,50,49,99
3948,109,116,225
7076,4,10,14
6888,22,2,24
3533,85,69,154
2357,148,132,280
472,596,599,1195
7822,160,169,329
4756,10,11,21
3183,20,64,84
1966,30,33,63
7440,41,55,96
7865,0,0,0
4505,6,6,12
1763,164,158,322
303,229,240,469
6433,44,40,84
3848,557,583,1140
2447,149,130,279
6958,0,0,0
8176,39,39,78
1838,220,190,410
1423,11,20,31
2488,52,74,126
8607,1,6,7
4287,23,20,43
2470,5,2,7
3779,153,144,297
482,251,284,535
7358,45,51,96
5733,113,125,238
476,71,69,140
4131,3,4,7
8729,8,23,31
5753,70,71,141
7737,77,70,147
5312,77,78,155
4258,173,191,364
5788,100,104,204
8622,45,39,84
8636,37,37,74
5850,175,176,351
6509,169,166,335
447,95,116,211
8797,8,6,14
377,481,429,910
942,275,256,531
7203,0,0,0
4890,183,169,352
8027,11,3,14
6465,34,36,70
2270,69,71,140
135,112,67,179
5253,248,230,478
8326,58,61,119
7265,2,5,7
1127,141,151,292
2810,95,77,172
5276,51,98,149
4234,3,4,7
6814,21,21,42
5816,159,158,317
5420,193,152,345
3864,250,255,505
3894,191,173,364
2732,79,75,154
2041,227,218,445
6352,0,5,5
914,150,133,283
4168,161,266,427
6368,71,62,133
1350,309,323,632
5765,73,73,146
8185,32,38,70
3937,202,174,376
5198,255,237,492
5196,228,206,434
986,652,655,1307
6016,1,6,7
3086,3,238,241
7153,0,0,0
3795,298,337,635
5242,297,326,623
1625,71,98,169
6234,49,49,98
2362,14,14,28
1008,677,691,1368
8275,87,97,184
316,92,83,175
4407,168,186,354
5363,105,105,210
6073,162,155,317
3693,225,226,451
2353,191,208,399
3564,136,158,294
6589,68,72,140
1664,281,255,536
2910,230,228,458
6895,21,22,43
3892,380,354,734
3587,244,253,497
991,511,508,1019
7110,0,0,0
2896,186,165,351
1959,710,507,1217
8356,74,84,158
6545,44,36,80
6452,101,101,202
5932,55,77,132
6944,0,0,0
6966,0,0,0
7709,12,20,32
4964,151,165,316
1290,331,275,606
2514,133,140,273
6583,101,102,203
7238,0,0,0
6379,33,43,76
6505,7,1,8
3471,183,244,427
776,78,111,189
1854,32,39,71
7898,0,0,0
2348,135,131,266
2130,24,39,63
2490,53,48,101
3908,350,312,662
2938,17,25,42
2087,5,7,12
353,560,549,1109
5988,13,10,23
7082,3,4,7
8846,26,30,56
8847,25,31,56
8848,29,26,55
8849,9,12,21
8850,25,30,55
8851,26,30,56
8852,12,10,22
8853,25,31,56
8854,23,33,56
8855,31,25,56
8856,35,21,56
8857,30,19,49
8858,36,20,56
8859,32,24,56
8860,16,38,54
8861,22,30,52
8862,36,20,56
8863,31,25,56
8864,22,34,56
8865,0,0,0
8866,13,19,32
8867,13,8,21
8868,9,12,21
8869,17,39,56
8870,31,25,56
8871,10,19,29
8872,2,5,7
8873,33,23,56
8874,24,29,53
8875,5,9,14
8876,11,10,21
8877,39,17,56
8878,32,10,42
8879,71,26,97
8880,34,15,49
8881,10,4,14
8882,19,27,46
8883,18,31,49
8884,32,3,35
8885,22,13,35
8886,0,0,0
8887,33,11,44
8888,24,4,28
8889,21,7,28
8890,14,14,28
8891,11,17,28
2586,34,23,57
6808,48,57,105
3007,78,59,137
7640,26,38,64
6303,37,33,70
3236,50,49,99
1285,277,260,537
3805,329,350,679
5588,182,189,371
3657,368,388,756
8158,112,110,222
3254,8,6,14
4003,185,190,375
1901,121,131,252
4681,11,24,35
5144,369,380,749
3524,67,74,141
5185,218,210,428
5097,131,116,247
7519,47,33,80
4705,10,12,22
1710,3,4,7
1769,438,448,886
1630,156,180,336
8267,45,43,88
2223,44,47,91
5099,233,222,455
2929,13,15,28
4284,38,53,91
6638,119,111,230
1604,9,12,21
6408,3,11,14
8299,71,85,156
3926,251,217,468
1057,85,90,175
6095,48,50,98
5755,165,194,359
4139,201,196,397
1688,27,34,61
7344,0,0,0
1431,32,31,63
6010,74,66,140
3211,37,39,76
6787,74,99,173
5187,201,198,399
918,191,153,344
2831,72,68,140
1785,34,96,130
7379,18,38,56
4085,41,36,77
2277,109,115,224
5060,98,97,195
3073,24,25,49
7647,41,55,96
7477,108,116,224
966,230,208,438
3831,407,476,883
5966,59,53,112
6696,13,6,19
4981,128,110,238
3888,113,90,203
5117,4,3,7
2332,98,112,210
5608,121,103,224
7047,7,14,21
2737,98,105,203
1809,98,98,196
6242,192,200,392
4512,183,218,401
8472,42,49,91
4208,6,22,28
4398,30,40,70
2241,88,87,175
967,561,621,1182
3862,340,369,709
4537,55,25,80
5692,40,44,84
6299,49,70,119
8893,19,2,21
8894,16,5,21
8895,14,7,21
8896,13,8,21
8897,12,9,21
8898,10,11,21
8899,9,12,21
8900,6,8,14
8901,9,12,21
8902,8,8,16
8903,8,5,13
8904,0,0,0
8905,11,3,14
8906,9,5,14
8907,9,5,14
8908,11,3,14
8909,8,6,14
8910,10,4,14
8911,9,5,14
8912,6,8,14
8913,8,6,14
8914,8,6,14
8915,11,3,14
8916,9,5,14
8917,10,4,14
8918,5,9,14
8919,4,10,14
8920,5,8,13
8921,10,4,14
8922,7,7,14
8923,5,10,15
8924,6,8,14
8925,6,8,14
8926,7,7,14
8927,2,6,8
8928,0,14,14
8929,6,8,14
8930,5,9,14
8931,5,2,7
8932,7,0,7
8933,7,2,9
8934,0,0,0
8935,3,4,7
8936,7,0,7
8937,4,3,7
8938,4,3,7
8939,4,3,7
8940,2,5,7
8941,2,5,7
8942,0,0,0
8943,0,0,0
